Vertex Count: 1536

Data:

0.8953 95.4222 -90.0832 0.0313 0.0625 -0.0392 0.9796 0.1971
3.7694 95.4222 -89.8001 0 0.0625 -0 0.9796 0.201
3.7694 96.8732 -104.533 0 0 0 1 0
-1.8685 95.4222 -90.9216 0.0625 0.0625 -0.0769 0.9796 0.1857
0.8953 95.4222 -90.0832 0.0313 0.0625 -0.0392 0.9796 0.1971
3.7694 96.8732 -104.533 0.0313 0 0 1 0
-4.4155 95.4222 -92.283 0.0938 0.0625 -0.1117 0.9796 0.1671
-1.8685 95.4222 -90.9216 0.0625 0.0625 -0.0769 0.9796 0.1857
3.7694 96.8732 -104.533 0.0625 0 0 1 0
-6.6481 95.4222 -94.1152 0.125 0.0625 -0.1421 0.9796 0.1421
-4.4155 95.4222 -92.283 0.0938 0.0625 -0.1117 0.9796 0.1671
3.7694 96.8732 -104.533 0.0938 0 0 1 0
-8.4803 95.4222 -96.3477 0.1563 0.0625 -0.1671 0.9796 0.1117
-6.6481 95.4222 -94.1152 0.125 0.0625 -0.1421 0.9796 0.1421
3.7694 96.8732 -104.533 0.125 0 0 1 0
-9.8417 95.4222 -98.8948 0.1875 0.0625 -0.1857 0.9796 0.0769
-8.4803 95.4222 -96.3477 0.1563 0.0625 -0.1671 0.9796 0.1117
3.7694 96.8732 -104.533 0.1563 0 0 1 0
-10.6801 95.4222 -101.659 0.2187 0.0625 -0.1971 0.9796 0.0392
-9.8417 95.4222 -98.8948 0.1875 0.0625 -0.1857 0.9796 0.0769
3.7694 96.8732 -104.533 0.1875 0 0 1 0
-10.9631 95.4222 -104.533 0.25 0.0625 -0.201 0.9796 -0
-10.6801 95.4222 -101.659 0.2187 0.0625 -0.1971 0.9796 0.0392
3.7694 96.8732 -104.533 0.2187 0 0 1 0
-10.6801 95.4222 -107.407 0.2812 0.0625 -0.1971 0.9796 -0.0392
-10.9631 95.4222 -104.533 0.25 0.0625 -0.201 0.9796 -0
3.7694 96.8732 -104.533 0.25 0 0 1 0
-9.8417 95.4222 -110.171 0.3125 0.0625 -0.1857 0.9796 -0.0769
-10.6801 95.4222 -107.407 0.2812 0.0625 -0.1971 0.9796 -0.0392
3.7694 96.8732 -104.533 0.2812 0 0 1 0
-8.4803 95.4222 -112.718 0.3437 0.0625 -0.1671 0.9796 -0.1117
-9.8417 95.4222 -110.171 0.3125 0.0625 -0.1857 0.9796 -0.0769
3.7694 96.8732 -104.533 0.3125 0 0 1 0
-6.6481 95.4222 -114.95 0.375 0.0625 -0.1421 0.9796 -0.1421
-8.4803 95.4222 -112.718 0.3437 0.0625 -0.1671 0.9796 -0.1117
3.7694 96.8732 -104.533 0.3437 0 0 1 0
-4.4155 95.4222 -116.782 0.4063 0.0625 -0.1117 0.9796 -0.1671
-6.6481 95.4222 -114.95 0.375 0.0625 -0.1421 0.9796 -0.1421
3.7694 96.8732 -104.533 0.375 0 0 1 0
-1.8685 95.4222 -118.144 0.4375 0.0625 -0.0769 0.9796 -0.1857
-4.4155 95.4222 -116.782 0.4063 0.0625 -0.1117 0.9796 -0.1671
3.7694 96.8732 -104.533 0.4063 0 0 1 0
0.8953 95.4222 -118.982 0.4688 0.0625 -0.0392 0.9796 -0.1971
-1.8685 95.4222 -118.144 0.4375 0.0625 -0.0769 0.9796 -0.1857
3.7694 96.8732 -104.533 0.4375 0 0 1 0
3.7695 95.4222 -119.265 0.5 0.0625 0 0.9796 -0.201
0.8953 95.4222 -118.982 0.4688 0.0625 -0.0392 0.9796 -0.1971
3.7694 96.8732 -104.533 0.4688 0 0 1 0
6.6436 95.4222 -118.982 0.5313 0.0625 0.0392 0.9796 -0.1971
3.7695 95.4222 -119.265 0.5 0.0625 0 0.9796 -0.201
3.7694 96.8732 -104.533 0.5 0 0 1 0
9.4074 95.4222 -118.144 0.5625 0.0625 0.0769 0.9796 -0.1857
6.6436 95.4222 -118.982 0.5313 0.0625 0.0392 0.9796 -0.1971
3.7694 96.8732 -104.533 0.5313 0 0 1 0
11.9544 95.4222 -116.782 0.5938 0.0625 0.1117 0.9796 -0.1671
9.4074 95.4222 -118.144 0.5625 0.0625 0.0769 0.9796 -0.1857
3.7694 96.8732 -104.533 0.5625 0 0 1 0
14.187 95.4222 -114.95 0.625 0.0625 0.1421 0.9796 -0.1421
11.9544 95.4222 -116.782 0.5938 0.0625 0.1117 0.9796 -0.1671
3.7694 96.8732 -104.533 0.5938 0 0 1 0
16.0192 95.4222 -112.718 0.6563 0.0625 0.1671 0.9796 -0.1117
14.187 95.4222 -114.95 0.625 0.0625 0.1421 0.9796 -0.1421
3.7694 96.8732 -104.533 0.625 0 0 1 0
17.3806 95.4222 -110.171 0.6875 0.0625 0.1857 0.9796 -0.0769
16.0192 95.4222 -112.718 0.6563 0.0625 0.1671 0.9796 -0.1117
3.7694 96.8732 -104.533 0.6563 0 0 1 0
18.219 95.4222 -107.407 0.7188 0.0625 0.1971 0.9796 -0.0392
17.3806 95.4222 -110.171 0.6875 0.0625 0.1857 0.9796 -0.0769
3.7694 96.8732 -104.533 0.6875 0 0 1 0
18.502 95.4222 -104.533 0.75 0.0625 0.201 0.9796 0
18.219 95.4222 -107.407 0.7188 0.0625 0.1971 0.9796 -0.0392
3.7694 96.8732 -104.533 0.7188 0 0 1 0
18.2189 95.4222 -101.659 0.7813 0.0625 0.1971 0.9796 0.0392
18.502 95.4222 -104.533 0.75 0.0625 0.201 0.9796 0
3.7694 96.8732 -104.533 0.75 0 0 1 0
17.3806 95.4222 -98.8948 0.8125 0.0625 0.1857 0.9796 0.0769
18.2189 95.4222 -101.659 0.7813 0.0625 0.1971 0.9796 0.0392
3.7694 96.8732 -104.533 0.7813 0 0 1 0
16.0191 95.4222 -96.3477 0.8438 0.0625 0.1671 0.9796 0.1117
17.3806 95.4222 -98.8948 0.8125 0.0625 0.1857 0.9796 0.0769
3.7694 96.8732 -104.533 0.8125 0 0 1 0
14.1869 95.4222 -94.1152 0.875 0.0625 0.1421 0.9796 0.1421
16.0191 95.4222 -96.3477 0.8438 0.0625 0.1671 0.9796 0.1117
3.7694 96.8732 -104.533 0.8438 0 0 1 0
11.9544 95.4222 -92.283 0.9063 0.0625 0.1117 0.9796 0.1671
14.1869 95.4222 -94.1152 0.875 0.0625 0.1421 0.9796 0.1421
3.7694 96.8732 -104.533 0.875 0 0 1 0
9.4073 95.4222 -90.9216 0.9375 0.0625 0.0769 0.9796 0.1857
11.9544 95.4222 -92.283 0.9063 0.0625 0.1117 0.9796 0.1671
3.7694 96.8732 -104.533 0.9063 0 0 1 0
6.6436 95.4222 -90.0832 0.9688 0.0625 0.0392 0.9796 0.1971
9.4073 95.4222 -90.9216 0.9375 0.0625 0.0769 0.9796 0.1857
3.7694 96.8732 -104.533 0.9375 0 0 1 0
3.7694 95.4222 -89.8001 1 0.0625 -0 0.9796 0.201
6.6436 95.4222 -90.0832 0.9688 0.0625 0.0392 0.9796 0.1971
3.7694 96.8732 -104.533 0.9688 0 0 1 0
-1.8685 91.1248 -76.189 0.0313 0.125 -0.0757 0.9217 0.3804
3.7694 91.1248 -75.6337 0 0.125 -0 0.9217 0.3879
3.7694 95.4222 -89.8001 0 0.0625 -0 0.9796 0.201
-7.2897 91.1248 -77.8335 0.0625 0.125 -0.1484 0.9217 0.3584
-1.8685 91.1248 -76.189 0.0313 0.125 -0.0757 0.9217 0.3804
0.8953 95.4222 -90.0832 0.0313 0.0625 -0.0392 0.9796 0.1971
-12.286 91.1248 -80.5041 0.0938 0.125 -0.2155 0.9217 0.3225
-7.2897 91.1248 -77.8335 0.0625 0.125 -0.1484 0.9217 0.3584
-1.8685 95.4222 -90.9216 0.0625 0.0625 -0.0769 0.9796 0.1857
-16.6652 91.1248 -84.098 0.125 0.125 -0.2743 0.9217 0.2743
-12.286 91.1248 -80.5041 0.0938 0.125 -0.2155 0.9217 0.3225
-4.4155 95.4222 -92.283 0.0938 0.0625 -0.1117 0.9796 0.1671
-20.2592 91.1248 -88.4773 0.1563 0.125 -0.3225 0.9217 0.2155
-16.6652 91.1248 -84.098 0.125 0.125 -0.2743 0.9217 0.2743
-6.6481 95.4222 -94.1152 0.125 0.0625 -0.1421 0.9796 0.1421
-22.9298 91.1248 -93.4736 0.1875 0.125 -0.3584 0.9217 0.1484
-20.2592 91.1248 -88.4773 0.1563 0.125 -0.3225 0.9217 0.2155
-8.4803 95.4222 -96.3477 0.1563 0.0625 -0.1671 0.9796 0.1117
-24.5743 91.1248 -98.8948 0.2187 0.125 -0.3804 0.9217 0.0757
-22.9298 91.1248 -93.4736 0.1875 0.125 -0.3584 0.9217 0.1484
-9.8417 95.4222 -98.8948 0.1875 0.0625 -0.1857 0.9796 0.0769
-25.1296 91.1248 -104.533 0.25 0.125 -0.3879 0.9217 -0
-24.5743 91.1248 -98.8948 0.2187 0.125 -0.3804 0.9217 0.0757
-10.6801 95.4222 -101.659 0.2187 0.0625 -0.1971 0.9796 0.0392
-24.5743 91.1248 -110.171 0.2812 0.125 -0.3804 0.9217 -0.0757
-25.1296 91.1248 -104.533 0.25 0.125 -0.3879 0.9217 -0
-10.9631 95.4222 -104.533 0.25 0.0625 -0.201 0.9796 -0
-22.9298 91.1248 -115.592 0.3125 0.125 -0.3584 0.9217 -0.1484
-24.5743 91.1248 -110.171 0.2812 0.125 -0.3804 0.9217 -0.0757
-10.6801 95.4222 -107.407 0.2812 0.0625 -0.1971 0.9796 -0.0392
-20.2592 91.1248 -120.588 0.3437 0.125 -0.3225 0.9217 -0.2155
-22.9298 91.1248 -115.592 0.3125 0.125 -0.3584 0.9217 -0.1484
-9.8417 95.4222 -110.171 0.3125 0.0625 -0.1857 0.9796 -0.0769
-16.6652 91.1248 -124.967 0.375 0.125 -0.2743 0.9217 -0.2743
-20.2592 91.1248 -120.588 0.3437 0.125 -0.3225 0.9217 -0.2155
-8.4803 95.4222 -112.718 0.3437 0.0625 -0.1671 0.9796 -0.1117
-12.286 91.1248 -128.561 0.4063 0.125 -0.2155 0.9217 -0.3225
-16.6652 91.1248 -124.967 0.375 0.125 -0.2743 0.9217 -0.2743
-6.6481 95.4222 -114.95 0.375 0.0625 -0.1421 0.9796 -0.1421
-7.2897 91.1248 -131.232 0.4375 0.125 -0.1484 0.9217 -0.3584
-12.286 91.1248 -128.561 0.4063 0.125 -0.2155 0.9217 -0.3225
-4.4155 95.4222 -116.782 0.4063 0.0625 -0.1117 0.9796 -0.1671
-1.8684 91.1248 -132.876 0.4688 0.125 -0.0757 0.9217 -0.3804
-7.2897 91.1248 -131.232 0.4375 0.125 -0.1484 0.9217 -0.3584
-1.8685 95.4222 -118.144 0.4375 0.0625 -0.0769 0.9796 -0.1857
3.7695 91.1248 -133.432 0.5 0.125 0 0.9217 -0.3879
-1.8684 91.1248 -132.876 0.4688 0.125 -0.0757 0.9217 -0.3804
0.8953 95.4222 -118.982 0.4688 0.0625 -0.0392 0.9796 -0.1971
9.4074 91.1248 -132.876 0.5313 0.125 0.0757 0.9217 -0.3804
3.7695 91.1248 -133.432 0.5 0.125 0 0.9217 -0.3879
3.7695 95.4222 -119.265 0.5 0.0625 0 0.9796 -0.201
14.8286 91.1248 -131.232 0.5625 0.125 0.1484 0.9217 -0.3584
9.4074 91.1248 -132.876 0.5313 0.125 0.0757 0.9217 -0.3804
6.6436 95.4222 -118.982 0.5313 0.0625 0.0392 0.9796 -0.1971
19.8249 91.1248 -128.561 0.5938 0.125 0.2155 0.9217 -0.3225
14.8286 91.1248 -131.232 0.5625 0.125 0.1484 0.9217 -0.3584
9.4074 95.4222 -118.144 0.5625 0.0625 0.0769 0.9796 -0.1857
24.2042 91.1248 -124.967 0.625 0.125 0.2743 0.9217 -0.2743
19.8249 91.1248 -128.561 0.5938 0.125 0.2155 0.9217 -0.3225
11.9544 95.4222 -116.782 0.5938 0.0625 0.1117 0.9796 -0.1671
27.7981 91.1248 -120.588 0.6563 0.125 0.3225 0.9217 -0.2155
24.2042 91.1248 -124.967 0.625 0.125 0.2743 0.9217 -0.2743
14.187 95.4222 -114.95 0.625 0.0625 0.1421 0.9796 -0.1421
30.4687 91.1248 -115.592 0.6875 0.125 0.3584 0.9217 -0.1484
27.7981 91.1248 -120.588 0.6563 0.125 0.3225 0.9217 -0.2155
16.0192 95.4222 -112.718 0.6563 0.0625 0.1671 0.9796 -0.1117
32.1132 91.1248 -110.171 0.7188 0.125 0.3804 0.9217 -0.0757
30.4687 91.1248 -115.592 0.6875 0.125 0.3584 0.9217 -0.1484
17.3806 95.4222 -110.171 0.6875 0.0625 0.1857 0.9796 -0.0769
32.6685 91.1248 -104.533 0.75 0.125 0.3879 0.9217 0
32.1132 91.1248 -110.171 0.7188 0.125 0.3804 0.9217 -0.0757
18.219 95.4222 -107.407 0.7188 0.0625 0.1971 0.9796 -0.0392
32.1132 91.1248 -98.8948 0.7813 0.125 0.3804 0.9217 0.0757
32.6685 91.1248 -104.533 0.75 0.125 0.3879 0.9217 0
18.502 95.4222 -104.533 0.75 0.0625 0.201 0.9796 0
30.4686 91.1248 -93.4735 0.8125 0.125 0.3584 0.9217 0.1484
32.1132 91.1248 -98.8948 0.7813 0.125 0.3804 0.9217 0.0757
18.2189 95.4222 -101.659 0.7813 0.0625 0.1971 0.9796 0.0392
27.7981 91.1248 -88.4772 0.8438 0.125 0.3225 0.9217 0.2155
30.4686 91.1248 -93.4735 0.8125 0.125 0.3584 0.9217 0.1484
17.3806 95.4222 -98.8948 0.8125 0.0625 0.1857 0.9796 0.0769
24.2041 91.1248 -84.098 0.875 0.125 0.2743 0.9217 0.2743
27.7981 91.1248 -88.4772 0.8438 0.125 0.3225 0.9217 0.2155
16.0191 95.4222 -96.3477 0.8438 0.0625 0.1671 0.9796 0.1117
19.8248 91.1248 -80.504 0.9063 0.125 0.2155 0.9217 0.3225
24.2041 91.1248 -84.098 0.875 0.125 0.2743 0.9217 0.2743
14.1869 95.4222 -94.1152 0.875 0.0625 0.1421 0.9796 0.1421
14.8286 91.1248 -77.8335 0.9375 0.125 0.1484 0.9217 0.3584
19.8248 91.1248 -80.504 0.9063 0.125 0.2155 0.9217 0.3225
11.9544 95.4222 -92.283 0.9063 0.0625 0.1117 0.9796 0.1671
9.4073 91.1248 -76.189 0.9688 0.125 0.0757 0.9217 0.3804
14.8286 91.1248 -77.8335 0.9375 0.125 0.1484 0.9217 0.3584
9.4073 95.4222 -90.9216 0.9375 0.0625 0.0769 0.9796 0.1857
3.7694 91.1248 -75.6337 1 0.125 -0 0.9217 0.3879
9.4073 91.1248 -76.189 0.9688 0.125 0.0757 0.9217 0.3804
6.6436 95.4222 -90.0832 0.9688 0.0625 0.0392 0.9796 0.1971
-4.4155 84.1463 -63.384 0.0313 0.1875 -0.1092 0.8286 0.549
3.7694 84.1463 -62.5779 0 0.1875 -0 0.8286 0.5598
3.7694 91.1248 -75.6337 0 0.125 -0 0.9217 0.3879
-12.286 84.1463 -65.7715 0.0625 0.1875 -0.2142 0.8286 0.5172
-4.4155 84.1463 -63.384 0.0313 0.1875 -0.1092 0.8286 0.549
-1.8685 91.1248 -76.189 0.0313 0.125 -0.0757 0.9217 0.3804
-19.5394 84.1463 -69.6485 0.0938 0.1875 -0.311 0.8286 0.4654
-12.286 84.1463 -65.7715 0.0625 0.1875 -0.2142 0.8286 0.5172
-7.2897 91.1248 -77.8335 0.0625 0.125 -0.1484 0.9217 0.3584
-25.8971 84.1463 -74.8662 0.125 0.1875 -0.3958 0.8286 0.3958
-19.5394 84.1463 -69.6485 0.0938 0.1875 -0.311 0.8286 0.4654
-12.286 91.1248 -80.5041 0.0938 0.125 -0.2155 0.9217 0.3225
-31.1148 84.1463 -81.2239 0.1563 0.1875 -0.4654 0.8286 0.311
-25.8971 84.1463 -74.8662 0.125 0.1875 -0.3958 0.8286 0.3958
-16.6652 91.1248 -84.098 0.125 0.125 -0.2743 0.9217 0.2743
-34.9918 84.1463 -88.4773 0.1875 0.1875 -0.5172 0.8286 0.2142
-31.1148 84.1463 -81.2239 0.1563 0.1875 -0.4654 0.8286 0.311
-20.2592 91.1248 -88.4773 0.1563 0.125 -0.3225 0.9217 0.2155
-37.3793 84.1463 -96.3477 0.2187 0.1875 -0.549 0.8286 0.1092
-34.9918 84.1463 -88.4773 0.1875 0.1875 -0.5172 0.8286 0.2142
-22.9298 91.1248 -93.4736 0.1875 0.125 -0.3584 0.9217 0.1484
-38.1854 84.1463 -104.533 0.25 0.1875 -0.5598 0.8286 -0
-37.3793 84.1463 -96.3477 0.2187 0.1875 -0.549 0.8286 0.1092
-24.5743 91.1248 -98.8948 0.2187 0.125 -0.3804 0.9217 0.0757
-37.3793 84.1463 -112.718 0.2812 0.1875 -0.549 0.8286 -0.1092
-38.1854 84.1463 -104.533 0.25 0.1875 -0.5598 0.8286 -0
-25.1296 91.1248 -104.533 0.25 0.125 -0.3879 0.9217 -0
-34.9918 84.1463 -120.588 0.3125 0.1875 -0.5172 0.8286 -0.2142
-37.3793 84.1463 -112.718 0.2812 0.1875 -0.549 0.8286 -0.1092
-24.5743 91.1248 -110.171 0.2812 0.125 -0.3804 0.9217 -0.0757
-31.1147 84.1463 -127.842 0.3437 0.1875 -0.4654 0.8286 -0.311
-34.9918 84.1463 -120.588 0.3125 0.1875 -0.5172 0.8286 -0.2142
-22.9298 91.1248 -115.592 0.3125 0.125 -0.3584 0.9217 -0.1484
-25.8971 84.1463 -134.199 0.375 0.1875 -0.3958 0.8286 -0.3958
-31.1147 84.1463 -127.842 0.3437 0.1875 -0.4654 0.8286 -0.311
-20.2592 91.1248 -120.588 0.3437 0.125 -0.3225 0.9217 -0.2155
-19.5394 84.1463 -139.417 0.4063 0.1875 -0.311 0.8286 -0.4654
-25.8971 84.1463 -134.199 0.375 0.1875 -0.3958 0.8286 -0.3958
-16.6652 91.1248 -124.967 0.375 0.125 -0.2743 0.9217 -0.2743
-12.286 84.1463 -143.294 0.4375 0.1875 -0.2142 0.8286 -0.5172
-19.5394 84.1463 -139.417 0.4063 0.1875 -0.311 0.8286 -0.4654
-12.286 91.1248 -128.561 0.4063 0.125 -0.2155 0.9217 -0.3225
-4.4155 84.1463 -145.682 0.4688 0.1875 -0.1092 0.8286 -0.549
-12.286 84.1463 -143.294 0.4375 0.1875 -0.2142 0.8286 -0.5172
-7.2897 91.1248 -131.232 0.4375 0.125 -0.1484 0.9217 -0.3584
3.7695 84.1463 -146.488 0.5 0.1875 0 0.8286 -0.5598
-4.4155 84.1463 -145.682 0.4688 0.1875 -0.1092 0.8286 -0.549
-1.8684 91.1248 -132.876 0.4688 0.125 -0.0757 0.9217 -0.3804
11.9545 84.1463 -145.681 0.5313 0.1875 0.1092 0.8286 -0.549
3.7695 84.1463 -146.488 0.5 0.1875 0 0.8286 -0.5598
3.7695 91.1248 -133.432 0.5 0.125 0 0.9217 -0.3879
19.8249 84.1463 -143.294 0.5625 0.1875 0.2142 0.8286 -0.5172
11.9545 84.1463 -145.681 0.5313 0.1875 0.1092 0.8286 -0.549
9.4074 91.1248 -132.876 0.5313 0.125 0.0757 0.9217 -0.3804
27.0784 84.1463 -139.417 0.5938 0.1875 0.311 0.8286 -0.4654
19.8249 84.1463 -143.294 0.5625 0.1875 0.2142 0.8286 -0.5172
14.8286 91.1248 -131.232 0.5625 0.125 0.1484 0.9217 -0.3584
33.4361 84.1463 -134.199 0.625 0.1875 0.3958 0.8286 -0.3958
27.0784 84.1463 -139.417 0.5938 0.1875 0.311 0.8286 -0.4654
19.8249 91.1248 -128.561 0.5938 0.125 0.2155 0.9217 -0.3225
38.6537 84.1463 -127.842 0.6563 0.1875 0.4654 0.8286 -0.311
33.4361 84.1463 -134.199 0.625 0.1875 0.3958 0.8286 -0.3958
24.2042 91.1248 -124.967 0.625 0.125 0.2743 0.9217 -0.2743
42.5307 84.1463 -120.588 0.6875 0.1875 0.5172 0.8286 -0.2142
38.6537 84.1463 -127.842 0.6563 0.1875 0.4654 0.8286 -0.311
27.7981 91.1248 -120.588 0.6563 0.125 0.3225 0.9217 -0.2155
44.9182 84.1463 -112.718 0.7188 0.1875 0.549 0.8286 -0.1092
42.5307 84.1463 -120.588 0.6875 0.1875 0.5172 0.8286 -0.2142
30.4687 91.1248 -115.592 0.6875 0.125 0.3584 0.9217 -0.1484
45.7243 84.1463 -104.533 0.75 0.1875 0.5598 0.8286 0
44.9182 84.1463 -112.718 0.7188 0.1875 0.549 0.8286 -0.1092
32.1132 91.1248 -110.171 0.7188 0.125 0.3804 0.9217 -0.0757
44.9181 84.1463 -96.3477 0.7813 0.1875 0.549 0.8286 0.1092
45.7243 84.1463 -104.533 0.75 0.1875 0.5598 0.8286 0
32.6685 91.1248 -104.533 0.75 0.125 0.3879 0.9217 0
42.5307 84.1463 -88.4772 0.8125 0.1875 0.5172 0.8286 0.2142
44.9181 84.1463 -96.3477 0.7813 0.1875 0.549 0.8286 0.1092
32.1132 91.1248 -98.8948 0.7813 0.125 0.3804 0.9217 0.0757
38.6536 84.1463 -81.2238 0.8438 0.1875 0.4654 0.8286 0.311
42.5307 84.1463 -88.4772 0.8125 0.1875 0.5172 0.8286 0.2142
30.4686 91.1248 -93.4735 0.8125 0.125 0.3584 0.9217 0.1484
33.436 84.1463 -74.8661 0.875 0.1875 0.3958 0.8286 0.3958
38.6536 84.1463 -81.2238 0.8438 0.1875 0.4654 0.8286 0.311
27.7981 91.1248 -88.4772 0.8438 0.125 0.3225 0.9217 0.2155
27.0782 84.1463 -69.6485 0.9063 0.1875 0.311 0.8286 0.4654
33.436 84.1463 -74.8661 0.875 0.1875 0.3958 0.8286 0.3958
24.2041 91.1248 -84.098 0.875 0.125 0.2743 0.9217 0.2743
19.8248 84.1463 -65.7715 0.9375 0.1875 0.2142 0.8286 0.5172
27.0782 84.1463 -69.6485 0.9063 0.1875 0.311 0.8286 0.4654
19.8248 91.1248 -80.504 0.9063 0.125 0.2155 0.9217 0.3225
11.9543 84.1463 -63.384 0.9688 0.1875 0.1092 0.8286 0.549
19.8248 84.1463 -65.7715 0.9375 0.1875 0.2142 0.8286 0.5172
14.8286 91.1248 -77.8335 0.9375 0.125 0.1484 0.9217 0.3584
3.7694 84.1463 -62.5779 1 0.1875 -0 0.8286 0.5598
11.9543 84.1463 -63.384 0.9688 0.1875 0.1092 0.8286 0.549
9.4073 91.1248 -76.189 0.9688 0.125 0.0757 0.9217 0.3804
-6.6481 74.7549 -52.1604 0.0313 0.25 -0.1385 0.7041 0.6965
3.7694 74.7549 -51.1343 0 0.25 -0 0.7041 0.7101
3.7694 84.1463 -62.5779 0 0.1875 -0 0.8286 0.5598
-16.6652 74.7549 -55.199 0.0625 0.25 -0.2718 0.7041 0.6561
-6.6481 74.7549 -52.1604 0.0313 0.25 -0.1385 0.7041 0.6965
-4.4155 84.1463 -63.384 0.0313 0.1875 -0.1092 0.8286 0.549
-25.8971 74.7549 -60.1336 0.0938 0.25 -0.3945 0.7041 0.5905
-16.6652 74.7549 -55.199 0.0625 0.25 -0.2718 0.7041 0.6561
-12.286 84.1463 -65.7715 0.0625 0.1875 -0.2142 0.8286 0.5172
-33.9889 74.7549 -66.7744 0.125 0.25 -0.5021 0.7041 0.5021
-25.8971 74.7549 -60.1336 0.0938 0.25 -0.3945 0.7041 0.5905
-19.5394 84.1463 -69.6485 0.0938 0.1875 -0.311 0.8286 0.4654
-40.6297 74.7549 -74.8662 0.1563 0.25 -0.5905 0.7041 0.3945
-33.9889 74.7549 -66.7744 0.125 0.25 -0.5021 0.7041 0.5021
-25.8971 84.1463 -74.8662 0.125 0.1875 -0.3958 0.8286 0.3958
-45.5643 74.7549 -84.0981 0.1875 0.25 -0.6561 0.7041 0.2718
-40.6297 74.7549 -74.8662 0.1563 0.25 -0.5905 0.7041 0.3945
-31.1148 84.1463 -81.2239 0.1563 0.1875 -0.4654 0.8286 0.311
-48.6029 74.7549 -94.1152 0.2187 0.25 -0.6965 0.7041 0.1385
-45.5643 74.7549 -84.0981 0.1875 0.25 -0.6561 0.7041 0.2718
-34.9918 84.1463 -88.4773 0.1875 0.1875 -0.5172 0.8286 0.2142
-49.629 74.7549 -104.533 0.25 0.25 -0.7101 0.7041 -0
-48.6029 74.7549 -94.1152 0.2187 0.25 -0.6965 0.7041 0.1385
-37.3793 84.1463 -96.3477 0.2187 0.1875 -0.549 0.8286 0.1092
-48.6029 74.7549 -114.95 0.2812 0.25 -0.6965 0.7041 -0.1385
-49.629 74.7549 -104.533 0.25 0.25 -0.7101 0.7041 -0
-38.1854 84.1463 -104.533 0.25 0.1875 -0.5598 0.8286 -0
-45.5642 74.7549 -124.967 0.3125 0.25 -0.6561 0.7041 -0.2718
-48.6029 74.7549 -114.95 0.2812 0.25 -0.6965 0.7041 -0.1385
-37.3793 84.1463 -112.718 0.2812 0.1875 -0.549 0.8286 -0.1092
-40.6297 74.7549 -134.199 0.3437 0.25 -0.5905 0.7041 -0.3945
-45.5642 74.7549 -124.967 0.3125 0.25 -0.6561 0.7041 -0.2718
-34.9918 84.1463 -120.588 0.3125 0.1875 -0.5172 0.8286 -0.2142
-33.9889 74.7549 -142.291 0.375 0.25 -0.5021 0.7041 -0.5021
-40.6297 74.7549 -134.199 0.3437 0.25 -0.5905 0.7041 -0.3945
-31.1147 84.1463 -127.842 0.3437 0.1875 -0.4654 0.8286 -0.311
-25.8971 74.7549 -148.932 0.4063 0.25 -0.3945 0.7041 -0.5905
-33.9889 74.7549 -142.291 0.375 0.25 -0.5021 0.7041 -0.5021
-25.8971 84.1463 -134.199 0.375 0.1875 -0.3958 0.8286 -0.3958
-16.6652 74.7549 -153.867 0.4375 0.25 -0.2718 0.7041 -0.6561
-25.8971 74.7549 -148.932 0.4063 0.25 -0.3945 0.7041 -0.5905
-19.5394 84.1463 -139.417 0.4063 0.1875 -0.311 0.8286 -0.4654
-6.648 74.7549 -156.905 0.4688 0.25 -0.1385 0.7041 -0.6965
-16.6652 74.7549 -153.867 0.4375 0.25 -0.2718 0.7041 -0.6561
-12.286 84.1463 -143.294 0.4375 0.1875 -0.2142 0.8286 -0.5172
3.7695 74.7549 -157.931 0.5 0.25 0 0.7041 -0.7101
-6.648 74.7549 -156.905 0.4688 0.25 -0.1385 0.7041 -0.6965
-4.4155 84.1463 -145.682 0.4688 0.1875 -0.1092 0.8286 -0.549
14.187 74.7549 -156.905 0.5313 0.25 0.1385 0.7041 -0.6965
3.7695 74.7549 -157.931 0.5 0.25 0 0.7041 -0.7101
3.7695 84.1463 -146.488 0.5 0.1875 0 0.8286 -0.5598
24.2042 74.7549 -153.866 0.5625 0.25 0.2718 0.7041 -0.6561
14.187 74.7549 -156.905 0.5313 0.25 0.1385 0.7041 -0.6965
11.9545 84.1463 -145.681 0.5313 0.1875 0.1092 0.8286 -0.549
33.4361 74.7549 -148.932 0.5938 0.25 0.3945 0.7041 -0.5905
24.2042 74.7549 -153.866 0.5625 0.25 0.2718 0.7041 -0.6561
19.8249 84.1463 -143.294 0.5625 0.1875 0.2142 0.8286 -0.5172
41.5279 74.7549 -142.291 0.625 0.25 0.5021 0.7041 -0.5021
33.4361 74.7549 -148.932 0.5938 0.25 0.3945 0.7041 -0.5905
27.0784 84.1463 -139.417 0.5938 0.1875 0.311 0.8286 -0.4654
48.1686 74.7549 -134.199 0.6563 0.25 0.5905 0.7041 -0.3945
41.5279 74.7549 -142.291 0.625 0.25 0.5021 0.7041 -0.5021
33.4361 84.1463 -134.199 0.625 0.1875 0.3958 0.8286 -0.3958
53.1032 74.7549 -124.967 0.6875 0.25 0.6561 0.7041 -0.2718
48.1686 74.7549 -134.199 0.6563 0.25 0.5905 0.7041 -0.3945
38.6537 84.1463 -127.842 0.6563 0.1875 0.4654 0.8286 -0.311
56.1418 74.7549 -114.95 0.7188 0.25 0.6965 0.7041 -0.1385
53.1032 74.7549 -124.967 0.6875 0.25 0.6561 0.7041 -0.2718
42.5307 84.1463 -120.588 0.6875 0.1875 0.5172 0.8286 -0.2142
57.1679 74.7549 -104.533 0.75 0.25 0.7101 0.7041 0
56.1418 74.7549 -114.95 0.7188 0.25 0.6965 0.7041 -0.1385
44.9182 84.1463 -112.718 0.7188 0.1875 0.549 0.8286 -0.1092
56.1418 74.7549 -94.1151 0.7813 0.25 0.6965 0.7041 0.1385
57.1679 74.7549 -104.533 0.75 0.25 0.7101 0.7041 0
45.7243 84.1463 -104.533 0.75 0.1875 0.5598 0.8286 0
53.1031 74.7549 -84.098 0.8125 0.25 0.6561 0.7041 0.2718
56.1418 74.7549 -94.1151 0.7813 0.25 0.6965 0.7041 0.1385
44.9181 84.1463 -96.3477 0.7813 0.1875 0.549 0.8286 0.1092
48.1685 74.7549 -74.8661 0.8438 0.25 0.5905 0.7041 0.3945
53.1031 74.7549 -84.098 0.8125 0.25 0.6561 0.7041 0.2718
42.5307 84.1463 -88.4772 0.8125 0.1875 0.5172 0.8286 0.2142
41.5278 74.7549 -66.7743 0.875 0.25 0.5021 0.7041 0.5021
48.1685 74.7549 -74.8661 0.8438 0.25 0.5905 0.7041 0.3945
38.6536 84.1463 -81.2238 0.8438 0.1875 0.4654 0.8286 0.311
33.4359 74.7549 -60.1335 0.9063 0.25 0.3945 0.7041 0.5905
41.5278 74.7549 -66.7743 0.875 0.25 0.5021 0.7041 0.5021
33.436 84.1463 -74.8661 0.875 0.1875 0.3958 0.8286 0.3958
24.204 74.7549 -55.199 0.9375 0.25 0.2718 0.7041 0.6561
33.4359 74.7549 -60.1335 0.9063 0.25 0.3945 0.7041 0.5905
27.0782 84.1463 -69.6485 0.9063 0.1875 0.311 0.8286 0.4654
14.1868 74.7549 -52.1603 0.9688 0.25 0.1385 0.7041 0.6965
24.204 74.7549 -55.199 0.9375 0.25 0.2718 0.7041 0.6561
19.8248 84.1463 -65.7715 0.9375 0.1875 0.2142 0.8286 0.5172
3.7694 74.7549 -51.1343 1 0.25 -0 0.7041 0.7101
14.1868 74.7549 -52.1603 0.9688 0.25 0.1385 0.7041 0.6965
11.9543 84.1463 -63.384 0.9688 0.1875 0.1092 0.8286 0.549
-8.4803 63.3113 -42.9493 0.0313 0.3125 -0.1626 0.5528 0.8173
3.7694 63.3113 -41.7428 0 0.3125 -0 0.5528 0.8333
3.7694 74.7549 -51.1343 0 0.25 -0 0.7041 0.7101
-20.2592 63.3113 -46.5224 0.0625 0.3125 -0.3189 0.5528 0.7699
-8.4803 63.3113 -42.9493 0.0313 0.3125 -0.1626 0.5528 0.8173
-6.6481 74.7549 -52.1604 0.0313 0.25 -0.1385 0.7041 0.6965
-31.1147 63.3113 -52.3248 0.0938 0.3125 -0.463 0.5528 0.6929
-20.2592 63.3113 -46.5224 0.0625 0.3125 -0.3189 0.5528 0.7699
-16.6652 74.7549 -55.199 0.0625 0.25 -0.2718 0.7041 0.6561
-40.6297 63.3113 -60.1336 0.125 0.3125 -0.5893 0.5528 0.5893
-31.1147 63.3113 -52.3248 0.0938 0.3125 -0.463 0.5528 0.6929
-25.8971 74.7549 -60.1336 0.0938 0.25 -0.3945 0.7041 0.5905
-48.4384 63.3113 -69.6485 0.1563 0.3125 -0.6929 0.5528 0.463
-40.6297 63.3113 -60.1336 0.125 0.3125 -0.5893 0.5528 0.5893
-33.9889 74.7549 -66.7744 0.125 0.25 -0.5021 0.7041 0.5021
-54.2409 63.3113 -80.5041 0.1875 0.3125 -0.7699 0.5528 0.3189
-48.4384 63.3113 -69.6485 0.1563 0.3125 -0.6929 0.5528 0.463
-40.6297 74.7549 -74.8662 0.1563 0.25 -0.5905 0.7041 0.3945
-57.814 63.3113 -92.283 0.2187 0.3125 -0.8173 0.5528 0.1626
-54.2409 63.3113 -80.5041 0.1875 0.3125 -0.7699 0.5528 0.3189
-45.5643 74.7549 -84.0981 0.1875 0.25 -0.6561 0.7041 0.2718
-59.0204 63.3113 -104.533 0.25 0.3125 -0.8333 0.5528 -0
-57.814 63.3113 -92.283 0.2187 0.3125 -0.8173 0.5528 0.1626
-48.6029 74.7549 -94.1152 0.2187 0.25 -0.6965 0.7041 0.1385
-57.8139 63.3113 -116.783 0.2812 0.3125 -0.8173 0.5528 -0.1626
-59.0204 63.3113 -104.533 0.25 0.3125 -0.8333 0.5528 -0
-49.629 74.7549 -104.533 0.25 0.25 -0.7101 0.7041 -0
-54.2408 63.3113 -128.561 0.3125 0.3125 -0.7699 0.5528 -0.3189
-57.8139 63.3113 -116.783 0.2812 0.3125 -0.8173 0.5528 -0.1626
-48.6029 74.7549 -114.95 0.2812 0.25 -0.6965 0.7041 -0.1385
-48.4384 63.3113 -139.417 0.3437 0.3125 -0.6929 0.5528 -0.463
-54.2408 63.3113 -128.561 0.3125 0.3125 -0.7699 0.5528 -0.3189
-45.5642 74.7549 -124.967 0.3125 0.25 -0.6561 0.7041 -0.2718
-40.6297 63.3113 -148.932 0.375 0.3125 -0.5893 0.5528 -0.5893
-48.4384 63.3113 -139.417 0.3437 0.3125 -0.6929 0.5528 -0.463
-40.6297 74.7549 -134.199 0.3437 0.25 -0.5905 0.7041 -0.3945
-31.1147 63.3113 -156.741 0.4063 0.3125 -0.463 0.5528 -0.6929
-40.6297 63.3113 -148.932 0.375 0.3125 -0.5893 0.5528 -0.5893
-33.9889 74.7549 -142.291 0.375 0.25 -0.5021 0.7041 -0.5021
-20.2592 63.3113 -162.543 0.4375 0.3125 -0.3189 0.5528 -0.7699
-31.1147 63.3113 -156.741 0.4063 0.3125 -0.463 0.5528 -0.6929
-25.8971 74.7549 -148.932 0.4063 0.25 -0.3945 0.7041 -0.5905
-8.4802 63.3113 -166.116 0.4688 0.3125 -0.1626 0.5528 -0.8173
-20.2592 63.3113 -162.543 0.4375 0.3125 -0.3189 0.5528 -0.7699
-16.6652 74.7549 -153.867 0.4375 0.25 -0.2718 0.7041 -0.6561
3.7695 63.3113 -167.323 0.5 0.3125 0 0.5528 -0.8333
-8.4802 63.3113 -166.116 0.4688 0.3125 -0.1626 0.5528 -0.8173
-6.648 74.7549 -156.905 0.4688 0.25 -0.1385 0.7041 -0.6965
16.0192 63.3113 -166.116 0.5313 0.3125 0.1626 0.5528 -0.8173
3.7695 63.3113 -167.323 0.5 0.3125 0 0.5528 -0.8333
3.7695 74.7549 -157.931 0.5 0.25 0 0.7041 -0.7101
27.7982 63.3113 -162.543 0.5625 0.3125 0.3189 0.5528 -0.7699
16.0192 63.3113 -166.116 0.5313 0.3125 0.1626 0.5528 -0.8173
14.187 74.7549 -156.905 0.5313 0.25 0.1385 0.7041 -0.6965
38.6537 63.3113 -156.741 0.5938 0.3125 0.463 0.5528 -0.6929
27.7982 63.3113 -162.543 0.5625 0.3125 0.3189 0.5528 -0.7699
24.2042 74.7549 -153.866 0.5625 0.25 0.2718 0.7041 -0.6561
48.1687 63.3113 -148.932 0.625 0.3125 0.5893 0.5528 -0.5893
38.6537 63.3113 -156.741 0.5938 0.3125 0.463 0.5528 -0.6929
33.4361 74.7549 -148.932 0.5938 0.25 0.3945 0.7041 -0.5905
55.9774 63.3113 -139.417 0.6563 0.3125 0.6929 0.5528 -0.463
48.1687 63.3113 -148.932 0.625 0.3125 0.5893 0.5528 -0.5893
41.5279 74.7549 -142.291 0.625 0.25 0.5021 0.7041 -0.5021
61.7798 63.3113 -128.561 0.6875 0.3125 0.7699 0.5528 -0.3189
55.9774 63.3113 -139.417 0.6563 0.3125 0.6929 0.5528 -0.463
48.1686 74.7549 -134.199 0.6563 0.25 0.5905 0.7041 -0.3945
65.3529 63.3113 -116.782 0.7188 0.3125 0.8173 0.5528 -0.1626
61.7798 63.3113 -128.561 0.6875 0.3125 0.7699 0.5528 -0.3189
53.1032 74.7549 -124.967 0.6875 0.25 0.6561 0.7041 -0.2718
66.5593 63.3113 -104.533 0.75 0.3125 0.8333 0.5528 0
65.3529 63.3113 -116.782 0.7188 0.3125 0.8173 0.5528 -0.1626
56.1418 74.7549 -114.95 0.7188 0.25 0.6965 0.7041 -0.1385
65.3528 63.3113 -92.2829 0.7813 0.3125 0.8173 0.5528 0.1626
66.5593 63.3113 -104.533 0.75 0.3125 0.8333 0.5528 0
57.1679 74.7549 -104.533 0.75 0.25 0.7101 0.7041 0
61.7797 63.3113 -80.504 0.8125 0.3125 0.7699 0.5528 0.3189
65.3528 63.3113 -92.2829 0.7813 0.3125 0.8173 0.5528 0.1626
56.1418 74.7549 -94.1151 0.7813 0.25 0.6965 0.7041 0.1385
55.9773 63.3113 -69.6484 0.8438 0.3125 0.6929 0.5528 0.463
61.7797 63.3113 -80.504 0.8125 0.3125 0.7699 0.5528 0.3189
53.1031 74.7549 -84.098 0.8125 0.25 0.6561 0.7041 0.2718
48.1685 63.3113 -60.1335 0.875 0.3125 0.5893 0.5528 0.5893
55.9773 63.3113 -69.6484 0.8438 0.3125 0.6929 0.5528 0.463
48.1685 74.7549 -74.8661 0.8438 0.25 0.5905 0.7041 0.3945
38.6535 63.3113 -52.3248 0.9063 0.3125 0.463 0.5528 0.6929
48.1685 63.3113 -60.1335 0.875 0.3125 0.5893 0.5528 0.5893
41.5278 74.7549 -66.7743 0.875 0.25 0.5021 0.7041 0.5021
27.798 63.3113 -46.5224 0.9375 0.3125 0.3189 0.5528 0.7699
38.6535 63.3113 -52.3248 0.9063 0.3125 0.463 0.5528 0.6929
33.4359 74.7549 -60.1335 0.9063 0.25 0.3945 0.7041 0.5905
16.019 63.3113 -42.9493 0.9688 0.3125 0.1626 0.5528 0.8173
27.798 63.3113 -46.5224 0.9375 0.3125 0.3189 0.5528 0.7699
24.204 74.7549 -55.199 0.9375 0.25 0.2718 0.7041 0.6561
3.7694 63.3113 -41.7428 1 0.3125 -0 0.5528 0.8333
16.019 63.3113 -42.9493 0.9688 0.3125 0.1626 0.5528 0.8173
14.1868 74.7549 -52.1603 0.9688 0.25 0.1385 0.7041 0.6965
-9.8417 50.2555 -36.1049 0.0313 0.375 -0.1804 0.3805 0.907
3.7694 50.2555 -34.7643 0 0.375 -0 0.3805 0.9248
3.7694 63.3113 -41.7428 0 0.3125 -0 0.5528 0.8333
-22.9298 50.2555 -40.0751 0.0625 0.375 -0.3539 0.3805 0.8544
-9.8417 50.2555 -36.1049 0.0313 0.375 -0.1804 0.3805 0.907
-8.4803 63.3113 -42.9493 0.0313 0.3125 -0.1626 0.5528 0.8173
-34.9918 50.2555 -46.5224 0.0938 0.375 -0.5138 0.3805 0.7689
-22.9298 50.2555 -40.0751 0.0625 0.375 -0.3539 0.3805 0.8544
-20.2592 63.3113 -46.5224 0.0625 0.3125 -0.3189 0.5528 0.7699
-45.5643 50.2555 -55.199 0.125 0.375 -0.6539 0.3805 0.6539
-34.9918 50.2555 -46.5224 0.0938 0.375 -0.5138 0.3805 0.7689
-31.1147 63.3113 -52.3248 0.0938 0.3125 -0.463 0.5528 0.6929
-54.2409 50.2555 -65.7715 0.1563 0.375 -0.7689 0.3805 0.5138
-45.5643 50.2555 -55.199 0.125 0.375 -0.6539 0.3805 0.6539
-40.6297 63.3113 -60.1336 0.125 0.3125 -0.5893 0.5528 0.5893
-60.6881 50.2555 -77.8335 0.1875 0.375 -0.8544 0.3805 0.3539
-54.2409 50.2555 -65.7715 0.1563 0.375 -0.7689 0.3805 0.5138
-48.4384 63.3113 -69.6485 0.1563 0.3125 -0.6929 0.5528 0.463
-64.6584 50.2555 -90.9216 0.2187 0.375 -0.907 0.3805 0.1804
-60.6881 50.2555 -77.8335 0.1875 0.375 -0.8544 0.3805 0.3539
-54.2409 63.3113 -80.5041 0.1875 0.3125 -0.7699 0.5528 0.3189
-65.9989 50.2555 -104.533 0.25 0.375 -0.9248 0.3805 -0
-64.6584 50.2555 -90.9216 0.2187 0.375 -0.907 0.3805 0.1804
-57.814 63.3113 -92.283 0.2187 0.3125 -0.8173 0.5528 0.1626
-64.6584 50.2555 -118.144 0.2812 0.375 -0.907 0.3805 -0.1804
-65.9989 50.2555 -104.533 0.25 0.375 -0.9248 0.3805 -0
-59.0204 63.3113 -104.533 0.25 0.3125 -0.8333 0.5528 -0
-60.6881 50.2555 -131.232 0.3125 0.375 -0.8544 0.3805 -0.3539
-64.6584 50.2555 -118.144 0.2812 0.375 -0.907 0.3805 -0.1804
-57.8139 63.3113 -116.783 0.2812 0.3125 -0.8173 0.5528 -0.1626
-54.2408 50.2555 -143.294 0.3437 0.375 -0.7689 0.3805 -0.5138
-60.6881 50.2555 -131.232 0.3125 0.375 -0.8544 0.3805 -0.3539
-54.2408 63.3113 -128.561 0.3125 0.3125 -0.7699 0.5528 -0.3189
-45.5642 50.2555 -153.867 0.375 0.375 -0.6539 0.3805 -0.6539
-54.2408 50.2555 -143.294 0.3437 0.375 -0.7689 0.3805 -0.5138
-48.4384 63.3113 -139.417 0.3437 0.3125 -0.6929 0.5528 -0.463
-34.9918 50.2555 -162.543 0.4063 0.375 -0.5138 0.3805 -0.7689
-45.5642 50.2555 -153.867 0.375 0.375 -0.6539 0.3805 -0.6539
-40.6297 63.3113 -148.932 0.375 0.3125 -0.5893 0.5528 -0.5893
-22.9297 50.2555 -168.99 0.4375 0.375 -0.3539 0.3805 -0.8544
-34.9918 50.2555 -162.543 0.4063 0.375 -0.5138 0.3805 -0.7689
-31.1147 63.3113 -156.741 0.4063 0.3125 -0.463 0.5528 -0.6929
-9.8416 50.2555 -172.96 0.4688 0.375 -0.1804 0.3805 -0.907
-22.9297 50.2555 -168.99 0.4375 0.375 -0.3539 0.3805 -0.8544
-20.2592 63.3113 -162.543 0.4375 0.3125 -0.3189 0.5528 -0.7699
3.7695 50.2555 -174.301 0.5 0.375 0 0.3805 -0.9248
-9.8416 50.2555 -172.96 0.4688 0.375 -0.1804 0.3805 -0.907
-8.4802 63.3113 -166.116 0.4688 0.3125 -0.1626 0.5528 -0.8173
17.3807 50.2555 -172.96 0.5313 0.375 0.1804 0.3805 -0.907
3.7695 50.2555 -174.301 0.5 0.375 0 0.3805 -0.9248
3.7695 63.3113 -167.323 0.5 0.3125 0 0.5528 -0.8333
30.4687 50.2555 -168.99 0.5625 0.375 0.3539 0.3805 -0.8544
17.3807 50.2555 -172.96 0.5313 0.375 0.1804 0.3805 -0.907
16.0192 63.3113 -166.116 0.5313 0.3125 0.1626 0.5528 -0.8173
42.5308 50.2555 -162.543 0.5938 0.375 0.5138 0.3805 -0.7689
30.4687 50.2555 -168.99 0.5625 0.375 0.3539 0.3805 -0.8544
27.7982 63.3113 -162.543 0.5625 0.3125 0.3189 0.5528 -0.7699
53.1032 50.2555 -153.866 0.625 0.375 0.6539 0.3805 -0.6539
42.5308 50.2555 -162.543 0.5938 0.375 0.5138 0.3805 -0.7689
38.6537 63.3113 -156.741 0.5938 0.3125 0.463 0.5528 -0.6929
61.7798 50.2555 -143.294 0.6563 0.375 0.7689 0.3805 -0.5138
53.1032 50.2555 -153.866 0.625 0.375 0.6539 0.3805 -0.6539
48.1687 63.3113 -148.932 0.625 0.3125 0.5893 0.5528 -0.5893
68.2271 50.2555 -131.232 0.6875 0.375 0.8544 0.3805 -0.3539
61.7798 50.2555 -143.294 0.6563 0.375 0.7689 0.3805 -0.5138
55.9774 63.3113 -139.417 0.6563 0.3125 0.6929 0.5528 -0.463
72.1973 50.2555 -118.144 0.7188 0.375 0.907 0.3805 -0.1804
68.2271 50.2555 -131.232 0.6875 0.375 0.8544 0.3805 -0.3539
61.7798 63.3113 -128.561 0.6875 0.3125 0.7699 0.5528 -0.3189
73.5378 50.2555 -104.533 0.75 0.375 0.9248 0.3805 0
72.1973 50.2555 -118.144 0.7188 0.375 0.907 0.3805 -0.1804
65.3529 63.3113 -116.782 0.7188 0.3125 0.8173 0.5528 -0.1626
72.1972 50.2555 -90.9215 0.7813 0.375 0.907 0.3805 0.1804
73.5378 50.2555 -104.533 0.75 0.375 0.9248 0.3805 0
66.5593 63.3113 -104.533 0.75 0.3125 0.8333 0.5528 0
68.227 50.2555 -77.8334 0.8125 0.375 0.8544 0.3805 0.3539
72.1972 50.2555 -90.9215 0.7813 0.375 0.907 0.3805 0.1804
65.3528 63.3113 -92.2829 0.7813 0.3125 0.8173 0.5528 0.1626
61.7797 50.2555 -65.7714 0.8438 0.375 0.7689 0.3805 0.5138
68.227 50.2555 -77.8334 0.8125 0.375 0.8544 0.3805 0.3539
61.7797 63.3113 -80.504 0.8125 0.3125 0.7699 0.5528 0.3189
53.1031 50.2555 -55.1989 0.875 0.375 0.6539 0.3805 0.6539
61.7797 50.2555 -65.7714 0.8438 0.375 0.7689 0.3805 0.5138
55.9773 63.3113 -69.6484 0.8438 0.3125 0.6929 0.5528 0.463
42.5306 50.2555 -46.5224 0.9063 0.375 0.5138 0.3805 0.7689
53.1031 50.2555 -55.1989 0.875 0.375 0.6539 0.3805 0.6539
48.1685 63.3113 -60.1335 0.875 0.3125 0.5893 0.5528 0.5893
30.4685 50.2555 -40.0751 0.9375 0.375 0.3539 0.3805 0.8544
42.5306 50.2555 -46.5224 0.9063 0.375 0.5138 0.3805 0.7689
38.6535 63.3113 -52.3248 0.9063 0.3125 0.463 0.5528 0.6929
17.3804 50.2555 -36.1049 0.9688 0.375 0.1804 0.3805 0.907
30.4685 50.2555 -40.0751 0.9375 0.375 0.3539 0.3805 0.8544
27.798 63.3113 -46.5224 0.9375 0.3125 0.3189 0.5528 0.7699
3.7694 50.2555 -34.7643 1 0.375 -0 0.3805 0.9248
17.3804 50.2555 -36.1049 0.9688 0.375 0.1804 0.3805 0.907
16.019 63.3113 -42.9493 0.9688 0.3125 0.1626 0.5528 0.8173
-10.6801 36.089 -31.8902 0.0313 0.4375 -0.1914 0.1939 0.9622
3.7694 36.089 -30.467 0 0.4375 -0 0.1939 0.981
3.7694 50.2555 -34.7643 0 0.375 -0 0.3805 0.9248
-24.5743 36.089 -36.1049 0.0625 0.4375 -0.3754 0.1939 0.9063
-10.6801 36.089 -31.8902 0.0313 0.4375 -0.1914 0.1939 0.9622
-9.8417 50.2555 -36.1049 0.0313 0.375 -0.1804 0.3805 0.907
-37.3793 36.089 -42.9493 0.0938 0.4375 -0.545 0.1939 0.8157
-24.5743 36.089 -36.1049 0.0625 0.4375 -0.3754 0.1939 0.9063
-22.9298 50.2555 -40.0751 0.0625 0.375 -0.3539 0.3805 0.8544
-48.6029 36.089 -52.1604 0.125 0.4375 -0.6937 0.1939 0.6937
-37.3793 36.089 -42.9493 0.0938 0.4375 -0.545 0.1939 0.8157
-34.9918 50.2555 -46.5224 0.0938 0.375 -0.5138 0.3805 0.7689
-57.814 36.089 -63.384 0.1563 0.4375 -0.8157 0.1939 0.545
-48.6029 36.089 -52.1604 0.125 0.4375 -0.6937 0.1939 0.6937
-45.5643 50.2555 -55.199 0.125 0.375 -0.6539 0.3805 0.6539
-64.6584 36.089 -76.189 0.1875 0.4375 -0.9063 0.1939 0.3754
-57.814 36.089 -63.384 0.1563 0.4375 -0.8157 0.1939 0.545
-54.2409 50.2555 -65.7715 0.1563 0.375 -0.7689 0.3805 0.5138
-68.8731 36.089 -90.0832 0.2187 0.4375 -0.9622 0.1939 0.1914
-64.6584 36.089 -76.189 0.1875 0.4375 -0.9063 0.1939 0.3754
-60.6881 50.2555 -77.8335 0.1875 0.375 -0.8544 0.3805 0.3539
-70.2963 36.089 -104.533 0.25 0.4375 -0.981 0.1939 -0
-68.8731 36.089 -90.0832 0.2187 0.4375 -0.9622 0.1939 0.1914
-64.6584 50.2555 -90.9216 0.2187 0.375 -0.907 0.3805 0.1804
-68.8731 36.089 -118.982 0.2812 0.4375 -0.9622 0.1939 -0.1914
-70.2963 36.089 -104.533 0.25 0.4375 -0.981 0.1939 -0
-65.9989 50.2555 -104.533 0.25 0.375 -0.9248 0.3805 -0
-64.6583 36.089 -132.876 0.3125 0.4375 -0.9063 0.1939 -0.3754
-68.8731 36.089 -118.982 0.2812 0.4375 -0.9622 0.1939 -0.1914
-64.6584 50.2555 -118.144 0.2812 0.375 -0.907 0.3805 -0.1804
-57.8139 36.089 -145.682 0.3437 0.4375 -0.8157 0.1939 -0.545
-64.6583 36.089 -132.876 0.3125 0.4375 -0.9063 0.1939 -0.3754
-60.6881 50.2555 -131.232 0.3125 0.375 -0.8544 0.3805 -0.3539
-48.6029 36.089 -156.905 0.375 0.4375 -0.6937 0.1939 -0.6937
-57.8139 36.089 -145.682 0.3437 0.4375 -0.8157 0.1939 -0.545
-54.2408 50.2555 -143.294 0.3437 0.375 -0.7689 0.3805 -0.5138
-37.3792 36.089 -166.116 0.4063 0.4375 -0.545 0.1939 -0.8157
-48.6029 36.089 -156.905 0.375 0.4375 -0.6937 0.1939 -0.6937
-45.5642 50.2555 -153.867 0.375 0.375 -0.6539 0.3805 -0.6539
-24.5742 36.089 -172.961 0.4375 0.4375 -0.3754 0.1939 -0.9063
-37.3792 36.089 -166.116 0.4063 0.4375 -0.545 0.1939 -0.8157
-34.9918 50.2555 -162.543 0.4063 0.375 -0.5138 0.3805 -0.7689
-10.68 36.089 -177.175 0.4688 0.4375 -0.1914 0.1939 -0.9622
-24.5742 36.089 -172.961 0.4375 0.4375 -0.3754 0.1939 -0.9063
-22.9297 50.2555 -168.99 0.4375 0.375 -0.3539 0.3805 -0.8544
3.7695 36.089 -178.598 0.5 0.4375 0 0.1939 -0.981
-10.68 36.089 -177.175 0.4688 0.4375 -0.1914 0.1939 -0.9622
-9.8416 50.2555 -172.96 0.4688 0.375 -0.1804 0.3805 -0.907
18.219 36.089 -177.175 0.5313 0.4375 0.1914 0.1939 -0.9622
3.7695 36.089 -178.598 0.5 0.4375 0 0.1939 -0.981
3.7695 50.2555 -174.301 0.5 0.375 0 0.3805 -0.9248
32.1133 36.089 -172.96 0.5625 0.4375 0.3754 0.1939 -0.9063
18.219 36.089 -177.175 0.5313 0.4375 0.1914 0.1939 -0.9622
17.3807 50.2555 -172.96 0.5313 0.375 0.1804 0.3805 -0.907
44.9182 36.089 -166.116 0.5938 0.4375 0.545 0.1939 -0.8157
32.1133 36.089 -172.96 0.5625 0.4375 0.3754 0.1939 -0.9063
30.4687 50.2555 -168.99 0.5625 0.375 0.3539 0.3805 -0.8544
56.1419 36.089 -156.905 0.625 0.4375 0.6937 0.1939 -0.6937
44.9182 36.089 -166.116 0.5938 0.4375 0.545 0.1939 -0.8157
42.5308 50.2555 -162.543 0.5938 0.375 0.5138 0.3805 -0.7689
65.3529 36.089 -145.681 0.6563 0.4375 0.8157 0.1939 -0.545
56.1419 36.089 -156.905 0.625 0.4375 0.6937 0.1939 -0.6937
53.1032 50.2555 -153.866 0.625 0.375 0.6539 0.3805 -0.6539
72.1973 36.089 -132.876 0.6875 0.4375 0.9063 0.1939 -0.3754
65.3529 36.089 -145.681 0.6563 0.4375 0.8157 0.1939 -0.545
61.7798 50.2555 -143.294 0.6563 0.375 0.7689 0.3805 -0.5138
76.412 36.089 -118.982 0.7188 0.4375 0.9622 0.1939 -0.1914
72.1973 36.089 -132.876 0.6875 0.4375 0.9063 0.1939 -0.3754
68.2271 50.2555 -131.232 0.6875 0.375 0.8544 0.3805 -0.3539
77.8352 36.089 -104.533 0.75 0.4375 0.981 0.1939 0
76.412 36.089 -118.982 0.7188 0.4375 0.9622 0.1939 -0.1914
72.1973 50.2555 -118.144 0.7188 0.375 0.907 0.3805 -0.1804
76.412 36.089 -90.0831 0.7813 0.4375 0.9622 0.1939 0.1914
77.8352 36.089 -104.533 0.75 0.4375 0.981 0.1939 0
73.5378 50.2555 -104.533 0.75 0.375 0.9248 0.3805 0
72.1972 36.089 -76.1889 0.8125 0.4375 0.9063 0.1939 0.3754
76.412 36.089 -90.0831 0.7813 0.4375 0.9622 0.1939 0.1914
72.1972 50.2555 -90.9215 0.7813 0.375 0.907 0.3805 0.1804
65.3528 36.089 -63.3839 0.8438 0.4375 0.8157 0.1939 0.545
72.1972 36.089 -76.1889 0.8125 0.4375 0.9063 0.1939 0.3754
68.227 50.2555 -77.8334 0.8125 0.375 0.8544 0.3805 0.3539
56.1417 36.089 -52.1603 0.875 0.4375 0.6937 0.1939 0.6937
65.3528 36.089 -63.3839 0.8438 0.4375 0.8157 0.1939 0.545
61.7797 50.2555 -65.7714 0.8438 0.375 0.7689 0.3805 0.5138
44.918 36.089 -42.9492 0.9063 0.4375 0.545 0.1939 0.8157
56.1417 36.089 -52.1603 0.875 0.4375 0.6937 0.1939 0.6937
53.1031 50.2555 -55.1989 0.875 0.375 0.6539 0.3805 0.6539
32.113 36.089 -36.1049 0.9375 0.4375 0.3754 0.1939 0.9063
44.918 36.089 -42.9492 0.9063 0.4375 0.545 0.1939 0.8157
42.5306 50.2555 -46.5224 0.9063 0.375 0.5138 0.3805 0.7689
18.2188 36.089 -31.8901 0.9688 0.4375 0.1914 0.1939 0.9622
32.113 36.089 -36.1049 0.9375 0.4375 0.3754 0.1939 0.9063
30.4685 50.2555 -40.0751 0.9375 0.375 0.3539 0.3805 0.8544
3.7694 36.089 -30.467 1 0.4375 -0 0.1939 0.981
18.2188 36.089 -31.8901 0.9688 0.4375 0.1914 0.1939 0.9622
17.3804 50.2555 -36.1049 0.9688 0.375 0.1804 0.3805 0.907
-10.9631 21.3565 -30.467 0.0313 0.5 -0.1951 -0 0.9808
3.7694 21.3565 -29.016 0 0.5 -0 -0 1
3.7694 36.089 -30.467 0 0.4375 -0 0.1939 0.981
-25.1296 21.3565 -34.7643 0.0625 0.5 -0.3827 0 0.9239
-10.9631 21.3565 -30.467 0.0313 0.5 -0.1951 -0 0.9808
-10.6801 36.089 -31.8902 0.0313 0.4375 -0.1914 0.1939 0.9622
-38.1854 21.3565 -41.7428 0.0938 0.5 -0.5556 0 0.8315
-25.1296 21.3565 -34.7643 0.0625 0.5 -0.3827 0 0.9239
-24.5743 36.089 -36.1049 0.0625 0.4375 -0.3754 0.1939 0.9063
-49.629 21.3565 -51.1343 0.125 0.5 -0.7071 0 0.7071
-38.1854 21.3565 -41.7428 0.0938 0.5 -0.5556 0 0.8315
-37.3793 36.089 -42.9493 0.0938 0.4375 -0.545 0.1939 0.8157
-59.0204 21.3565 -62.5779 0.1563 0.5 -0.8315 0 0.5556
-49.629 21.3565 -51.1343 0.125 0.5 -0.7071 0 0.7071
-48.6029 36.089 -52.1604 0.125 0.4375 -0.6937 0.1939 0.6937
-65.9989 21.3565 -75.6337 0.1875 0.5 -0.9239 0 0.3827
-59.0204 21.3565 -62.5779 0.1563 0.5 -0.8315 0 0.5556
-57.814 36.089 -63.384 0.1563 0.4375 -0.8157 0.1939 0.545
-70.2963 21.3565 -89.8002 0.2187 0.5 -0.9808 -0 0.1951
-65.9989 21.3565 -75.6337 0.1875 0.5 -0.9239 0 0.3827
-64.6584 36.089 -76.189 0.1875 0.4375 -0.9063 0.1939 0.3754
-71.7473 21.3565 -104.533 0.25 0.5 -1 -0 -0
-70.2963 21.3565 -89.8002 0.2187 0.5 -0.9808 -0 0.1951
-68.8731 36.089 -90.0832 0.2187 0.4375 -0.9622 0.1939 0.1914
-70.2963 21.3565 -119.265 0.2812 0.5 -0.9808 0 -0.1951
-71.7473 21.3565 -104.533 0.25 0.5 -1 -0 -0
-70.2963 36.089 -104.533 0.25 0.4375 -0.981 0.1939 -0
-65.9989 21.3565 -133.432 0.3125 0.5 -0.9239 -0 -0.3827
-70.2963 21.3565 -119.265 0.2812 0.5 -0.9808 0 -0.1951
-68.8731 36.089 -118.982 0.2812 0.4375 -0.9622 0.1939 -0.1914
-59.0204 21.3565 -146.488 0.3437 0.5 -0.8315 -0 -0.5556
-65.9989 21.3565 -133.432 0.3125 0.5 -0.9239 -0 -0.3827
-64.6583 36.089 -132.876 0.3125 0.4375 -0.9063 0.1939 -0.3754
-49.6289 21.3565 -157.931 0.375 0.5 -0.7071 -0 -0.7071
-59.0204 21.3565 -146.488 0.3437 0.5 -0.8315 -0 -0.5556
-57.8139 36.089 -145.682 0.3437 0.4375 -0.8157 0.1939 -0.545
-38.1854 21.3565 -167.323 0.4063 0.5 -0.5556 -0 -0.8315
-49.6289 21.3565 -157.931 0.375 0.5 -0.7071 -0 -0.7071
-48.6029 36.089 -156.905 0.375 0.4375 -0.6937 0.1939 -0.6937
-25.1295 21.3565 -174.301 0.4375 0.5 -0.3827 -0 -0.9239
-38.1854 21.3565 -167.323 0.4063 0.5 -0.5556 -0 -0.8315
-37.3792 36.089 -166.116 0.4063 0.4375 -0.545 0.1939 -0.8157
-10.9631 21.3565 -178.598 0.4688 0.5 -0.1951 0 -0.9808
-25.1295 21.3565 -174.301 0.4375 0.5 -0.3827 -0 -0.9239
-24.5742 36.089 -172.961 0.4375 0.4375 -0.3754 0.1939 -0.9063
3.7695 21.3565 -180.049 0.5 0.5 0 0 -1
-10.9631 21.3565 -178.598 0.4688 0.5 -0.1951 0 -0.9808
-10.68 36.089 -177.175 0.4688 0.4375 -0.1914 0.1939 -0.9622
18.5021 21.3565 -178.598 0.5313 0.5 0.1951 0 -0.9808
3.7695 21.3565 -180.049 0.5 0.5 0 0 -1
3.7695 36.089 -178.598 0.5 0.4375 0 0.1939 -0.981
32.6685 21.3565 -174.301 0.5625 0.5 0.3827 -0 -0.9239
18.5021 21.3565 -178.598 0.5313 0.5 0.1951 0 -0.9808
18.219 36.089 -177.175 0.5313 0.4375 0.1914 0.1939 -0.9622
45.7244 21.3565 -167.323 0.5938 0.5 0.5556 -0 -0.8315
32.6685 21.3565 -174.301 0.5625 0.5 0.3827 -0 -0.9239
32.1133 36.089 -172.96 0.5625 0.4375 0.3754 0.1939 -0.9063
57.1679 21.3565 -157.931 0.625 0.5 0.7071 -0 -0.7071
45.7244 21.3565 -167.323 0.5938 0.5 0.5556 -0 -0.8315
44.9182 36.089 -166.116 0.5938 0.4375 0.545 0.1939 -0.8157
66.5594 21.3565 -146.488 0.6563 0.5 0.8315 -0 -0.5556
57.1679 21.3565 -157.931 0.625 0.5 0.7071 -0 -0.7071
56.1419 36.089 -156.905 0.625 0.4375 0.6937 0.1939 -0.6937
73.5379 21.3565 -133.432 0.6875 0.5 0.9239 -0 -0.3827
66.5594 21.3565 -146.488 0.6563 0.5 0.8315 -0 -0.5556
65.3529 36.089 -145.681 0.6563 0.4375 0.8157 0.1939 -0.545
77.8352 21.3565 -119.265 0.7188 0.5 0.9808 0 -0.1951
73.5379 21.3565 -133.432 0.6875 0.5 0.9239 -0 -0.3827
72.1973 36.089 -132.876 0.6875 0.4375 0.9063 0.1939 -0.3754
79.2862 21.3565 -104.533 0.75 0.5 1 -0 0
77.8352 21.3565 -119.265 0.7188 0.5 0.9808 0 -0.1951
76.412 36.089 -118.982 0.7188 0.4375 0.9622 0.1939 -0.1914
77.8352 21.3565 -89.8 0.7813 0.5 0.9808 -0 0.1951
79.2862 21.3565 -104.533 0.75 0.5 1 -0 0
77.8352 36.089 -104.533 0.75 0.4375 0.981 0.1939 0
73.5378 21.3565 -75.6336 0.8125 0.5 0.9239 0 0.3827
77.8352 21.3565 -89.8 0.7813 0.5 0.9808 -0 0.1951
76.412 36.089 -90.0831 0.7813 0.4375 0.9622 0.1939 0.1914
66.5593 21.3565 -62.5777 0.8438 0.5 0.8315 0 0.5556
73.5378 21.3565 -75.6336 0.8125 0.5 0.9239 0 0.3827
72.1972 36.089 -76.1889 0.8125 0.4375 0.9063 0.1939 0.3754
57.1678 21.3565 -51.1342 0.875 0.5 0.7071 -0 0.7071
66.5593 21.3565 -62.5777 0.8438 0.5 0.8315 0 0.5556
65.3528 36.089 -63.3839 0.8438 0.4375 0.8157 0.1939 0.545
45.7242 21.3565 -41.7428 0.9063 0.5 0.5556 0 0.8315
57.1678 21.3565 -51.1342 0.875 0.5 0.7071 -0 0.7071
56.1417 36.089 -52.1603 0.875 0.4375 0.6937 0.1939 0.6937
32.6683 21.3565 -34.7643 0.9375 0.5 0.3827 -0 0.9239
45.7242 21.3565 -41.7428 0.9063 0.5 0.5556 0 0.8315
44.918 36.089 -42.9492 0.9063 0.4375 0.545 0.1939 0.8157
18.5019 21.3565 -30.467 0.9688 0.5 0.1951 -0 0.9808
32.6683 21.3565 -34.7643 0.9375 0.5 0.3827 -0 0.9239
32.113 36.089 -36.1049 0.9375 0.4375 0.3754 0.1939 0.9063
3.7694 21.3565 -29.016 1 0.5 -0 -0 1
18.5019 21.3565 -30.467 0.9688 0.5 0.1951 -0 0.9808
18.2188 36.089 -31.8901 0.9688 0.4375 0.1914 0.1939 0.9622
-10.6801 6.6239 -31.8902 0.0313 0.5625 -0.1914 -0.1939 0.9622
3.7694 6.6239 -30.467 0 0.5625 -0 -0.1939 0.981
3.7694 21.3565 -29.016 0 0.5 -0 -0 1
-24.5743 6.6239 -36.1049 0.0625 0.5625 -0.3754 -0.1939 0.9063
-10.6801 6.6239 -31.8902 0.0313 0.5625 -0.1914 -0.1939 0.9622
-10.9631 21.3565 -30.467 0.0313 0.5 -0.1951 -0 0.9808
-37.3793 6.6239 -42.9493 0.0938 0.5625 -0.545 -0.1939 0.8157
-24.5743 6.6239 -36.1049 0.0625 0.5625 -0.3754 -0.1939 0.9063
-25.1296 21.3565 -34.7643 0.0625 0.5 -0.3827 0 0.9239
-48.6029 6.6239 -52.1604 0.125 0.5625 -0.6937 -0.1939 0.6937
-37.3793 6.6239 -42.9493 0.0938 0.5625 -0.545 -0.1939 0.8157
-38.1854 21.3565 -41.7428 0.0938 0.5 -0.5556 0 0.8315
-57.814 6.6239 -63.384 0.1563 0.5625 -0.8157 -0.1939 0.545
-48.6029 6.6239 -52.1604 0.125 0.5625 -0.6937 -0.1939 0.6937
-49.629 21.3565 -51.1343 0.125 0.5 -0.7071 0 0.7071
-64.6584 6.6239 -76.189 0.1875 0.5625 -0.9063 -0.1939 0.3754
-57.814 6.6239 -63.384 0.1563 0.5625 -0.8157 -0.1939 0.545
-59.0204 21.3565 -62.5779 0.1563 0.5 -0.8315 0 0.5556
-68.8731 6.6239 -90.0832 0.2187 0.5625 -0.9622 -0.1939 0.1914
-64.6584 6.6239 -76.189 0.1875 0.5625 -0.9063 -0.1939 0.3754
-65.9989 21.3565 -75.6337 0.1875 0.5 -0.9239 0 0.3827
-70.2963 6.6239 -104.533 0.25 0.5625 -0.981 -0.1939 -0
-68.8731 6.6239 -90.0832 0.2187 0.5625 -0.9622 -0.1939 0.1914
-70.2963 21.3565 -89.8002 0.2187 0.5 -0.9808 -0 0.1951
-68.8731 6.6239 -118.982 0.2812 0.5625 -0.9622 -0.1939 -0.1914
-70.2963 6.6239 -104.533 0.25 0.5625 -0.981 -0.1939 -0
-71.7473 21.3565 -104.533 0.25 0.5 -1 -0 -0
-64.6583 6.6239 -132.876 0.3125 0.5625 -0.9063 -0.1939 -0.3754
-68.8731 6.6239 -118.982 0.2812 0.5625 -0.9622 -0.1939 -0.1914
-70.2963 21.3565 -119.265 0.2812 0.5 -0.9808 0 -0.1951
-57.8139 6.6239 -145.682 0.3437 0.5625 -0.8157 -0.1939 -0.545
-64.6583 6.6239 -132.876 0.3125 0.5625 -0.9063 -0.1939 -0.3754
-65.9989 21.3565 -133.432 0.3125 0.5 -0.9239 -0 -0.3827
-48.6029 6.6239 -156.905 0.375 0.5625 -0.6937 -0.1939 -0.6937
-57.8139 6.6239 -145.682 0.3437 0.5625 -0.8157 -0.1939 -0.545
-59.0204 21.3565 -146.488 0.3437 0.5 -0.8315 -0 -0.5556
-37.3792 6.6239 -166.116 0.4063 0.5625 -0.545 -0.1939 -0.8157
-48.6029 6.6239 -156.905 0.375 0.5625 -0.6937 -0.1939 -0.6937
-49.6289 21.3565 -157.931 0.375 0.5 -0.7071 -0 -0.7071
-24.5742 6.6239 -172.961 0.4375 0.5625 -0.3754 -0.1939 -0.9063
-37.3792 6.6239 -166.116 0.4063 0.5625 -0.545 -0.1939 -0.8157
-38.1854 21.3565 -167.323 0.4063 0.5 -0.5556 -0 -0.8315
-10.68 6.6239 -177.175 0.4688 0.5625 -0.1914 -0.1939 -0.9622
-24.5742 6.6239 -172.961 0.4375 0.5625 -0.3754 -0.1939 -0.9063
-25.1295 21.3565 -174.301 0.4375 0.5 -0.3827 -0 -0.9239
3.7695 6.6239 -178.598 0.5 0.5625 0 -0.1939 -0.981
-10.68 6.6239 -177.175 0.4688 0.5625 -0.1914 -0.1939 -0.9622
-10.9631 21.3565 -178.598 0.4688 0.5 -0.1951 0 -0.9808
18.219 6.6239 -177.175 0.5313 0.5625 0.1914 -0.1939 -0.9622
3.7695 6.6239 -178.598 0.5 0.5625 0 -0.1939 -0.981
3.7695 21.3565 -180.049 0.5 0.5 0 0 -1
32.1133 6.6239 -172.96 0.5625 0.5625 0.3754 -0.1939 -0.9063
18.219 6.6239 -177.175 0.5313 0.5625 0.1914 -0.1939 -0.9622
18.5021 21.3565 -178.598 0.5313 0.5 0.1951 0 -0.9808
44.9182 6.6239 -166.116 0.5938 0.5625 0.545 -0.1939 -0.8157
32.1133 6.6239 -172.96 0.5625 0.5625 0.3754 -0.1939 -0.9063
32.6685 21.3565 -174.301 0.5625 0.5 0.3827 -0 -0.9239
56.1419 6.6239 -156.905 0.625 0.5625 0.6937 -0.1939 -0.6937
44.9182 6.6239 -166.116 0.5938 0.5625 0.545 -0.1939 -0.8157
45.7244 21.3565 -167.323 0.5938 0.5 0.5556 -0 -0.8315
65.3529 6.6239 -145.681 0.6563 0.5625 0.8157 -0.1939 -0.545
56.1419 6.6239 -156.905 0.625 0.5625 0.6937 -0.1939 -0.6937
57.1679 21.3565 -157.931 0.625 0.5 0.7071 -0 -0.7071
72.1973 6.6239 -132.876 0.6875 0.5625 0.9063 -0.1939 -0.3754
65.3529 6.6239 -145.681 0.6563 0.5625 0.8157 -0.1939 -0.545
66.5594 21.3565 -146.488 0.6563 0.5 0.8315 -0 -0.5556
76.412 6.6239 -118.982 0.7188 0.5625 0.9622 -0.1939 -0.1914
72.1973 6.6239 -132.876 0.6875 0.5625 0.9063 -0.1939 -0.3754
73.5379 21.3565 -133.432 0.6875 0.5 0.9239 -0 -0.3827
77.8352 6.6239 -104.533 0.75 0.5625 0.981 -0.1939 0
76.412 6.6239 -118.982 0.7188 0.5625 0.9622 -0.1939 -0.1914
77.8352 21.3565 -119.265 0.7188 0.5 0.9808 0 -0.1951
76.412 6.6239 -90.0831 0.7813 0.5625 0.9622 -0.1939 0.1914
77.8352 6.6239 -104.533 0.75 0.5625 0.981 -0.1939 0
79.2862 21.3565 -104.533 0.75 0.5 1 -0 0
72.1972 6.6239 -76.1889 0.8125 0.5625 0.9063 -0.1939 0.3754
76.412 6.6239 -90.0831 0.7813 0.5625 0.9622 -0.1939 0.1914
77.8352 21.3565 -89.8 0.7813 0.5 0.9808 -0 0.1951
65.3528 6.6239 -63.3839 0.8438 0.5625 0.8157 -0.1939 0.545
72.1972 6.6239 -76.1889 0.8125 0.5625 0.9063 -0.1939 0.3754
73.5378 21.3565 -75.6336 0.8125 0.5 0.9239 0 0.3827
56.1417 6.6239 -52.1603 0.875 0.5625 0.6937 -0.1939 0.6937
65.3528 6.6239 -63.3839 0.8438 0.5625 0.8157 -0.1939 0.545
66.5593 21.3565 -62.5777 0.8438 0.5 0.8315 0 0.5556
44.918 6.6239 -42.9492 0.9063 0.5625 0.545 -0.1939 0.8157
56.1417 6.6239 -52.1603 0.875 0.5625 0.6937 -0.1939 0.6937
57.1678 21.3565 -51.1342 0.875 0.5 0.7071 -0 0.7071
32.113 6.6239 -36.1049 0.9375 0.5625 0.3754 -0.1939 0.9063
44.918 6.6239 -42.9492 0.9063 0.5625 0.545 -0.1939 0.8157
45.7242 21.3565 -41.7428 0.9063 0.5 0.5556 0 0.8315
18.2188 6.6239 -31.8901 0.9688 0.5625 0.1914 -0.1939 0.9622
32.113 6.6239 -36.1049 0.9375 0.5625 0.3754 -0.1939 0.9063
32.6683 21.3565 -34.7643 0.9375 0.5 0.3827 -0 0.9239
3.7694 6.6239 -30.467 1 0.5625 -0 -0.1939 0.981
18.2188 6.6239 -31.8901 0.9688 0.5625 0.1914 -0.1939 0.9622
18.5019 21.3565 -30.467 0.9688 0.5 0.1951 -0 0.9808
-9.8417 -7.5425 -36.1049 0.0313 0.625 -0.1804 -0.3805 0.907
3.7694 -7.5425 -34.7643 0 0.625 -0 -0.3805 0.9248
3.7694 6.6239 -30.467 0 0.5625 -0 -0.1939 0.981
-22.9298 -7.5425 -40.0751 0.0625 0.625 -0.3539 -0.3805 0.8544
-9.8417 -7.5425 -36.1049 0.0313 0.625 -0.1804 -0.3805 0.907
-10.6801 6.6239 -31.8902 0.0313 0.5625 -0.1914 -0.1939 0.9622
-34.9918 -7.5425 -46.5224 0.0938 0.625 -0.5138 -0.3805 0.7689
-22.9298 -7.5425 -40.0751 0.0625 0.625 -0.3539 -0.3805 0.8544
-24.5743 6.6239 -36.1049 0.0625 0.5625 -0.3754 -0.1939 0.9063
-45.5643 -7.5425 -55.199 0.125 0.625 -0.6539 -0.3805 0.6539
-34.9918 -7.5425 -46.5224 0.0938 0.625 -0.5138 -0.3805 0.7689
-37.3793 6.6239 -42.9493 0.0938 0.5625 -0.545 -0.1939 0.8157
-54.2409 -7.5425 -65.7715 0.1563 0.625 -0.7689 -0.3805 0.5138
-45.5643 -7.5425 -55.199 0.125 0.625 -0.6539 -0.3805 0.6539
-48.6029 6.6239 -52.1604 0.125 0.5625 -0.6937 -0.1939 0.6937
-60.6881 -7.5425 -77.8335 0.1875 0.625 -0.8544 -0.3805 0.3539
-54.2409 -7.5425 -65.7715 0.1563 0.625 -0.7689 -0.3805 0.5138
-57.814 6.6239 -63.384 0.1563 0.5625 -0.8157 -0.1939 0.545
-64.6584 -7.5425 -90.9216 0.2187 0.625 -0.907 -0.3805 0.1804
-60.6881 -7.5425 -77.8335 0.1875 0.625 -0.8544 -0.3805 0.3539
-64.6584 6.6239 -76.189 0.1875 0.5625 -0.9063 -0.1939 0.3754
-65.9989 -7.5425 -104.533 0.25 0.625 -0.9248 -0.3805 -0
-64.6584 -7.5425 -90.9216 0.2187 0.625 -0.907 -0.3805 0.1804
-68.8731 6.6239 -90.0832 0.2187 0.5625 -0.9622 -0.1939 0.1914
-64.6584 -7.5425 -118.144 0.2812 0.625 -0.907 -0.3805 -0.1804
-65.9989 -7.5425 -104.533 0.25 0.625 -0.9248 -0.3805 -0
-70.2963 6.6239 -104.533 0.25 0.5625 -0.981 -0.1939 -0
-60.6881 -7.5425 -131.232 0.3125 0.625 -0.8544 -0.3805 -0.3539
-64.6584 -7.5425 -118.144 0.2812 0.625 -0.907 -0.3805 -0.1804
-68.8731 6.6239 -118.982 0.2812 0.5625 -0.9622 -0.1939 -0.1914
-54.2408 -7.5425 -143.294 0.3437 0.625 -0.7689 -0.3805 -0.5138
-60.6881 -7.5425 -131.232 0.3125 0.625 -0.8544 -0.3805 -0.3539
-64.6583 6.6239 -132.876 0.3125 0.5625 -0.9063 -0.1939 -0.3754
-45.5642 -7.5425 -153.867 0.375 0.625 -0.6539 -0.3805 -0.6539
-54.2408 -7.5425 -143.294 0.3437 0.625 -0.7689 -0.3805 -0.5138
-57.8139 6.6239 -145.682 0.3437 0.5625 -0.8157 -0.1939 -0.545
-34.9918 -7.5425 -162.543 0.4063 0.625 -0.5138 -0.3805 -0.7689
-45.5642 -7.5425 -153.867 0.375 0.625 -0.6539 -0.3805 -0.6539
-48.6029 6.6239 -156.905 0.375 0.5625 -0.6937 -0.1939 -0.6937
-22.9297 -7.5425 -168.99 0.4375 0.625 -0.3539 -0.3805 -0.8544
-34.9918 -7.5425 -162.543 0.4063 0.625 -0.5138 -0.3805 -0.7689
-37.3792 6.6239 -166.116 0.4063 0.5625 -0.545 -0.1939 -0.8157
-9.8416 -7.5425 -172.961 0.4688 0.625 -0.1804 -0.3805 -0.907
-22.9297 -7.5425 -168.99 0.4375 0.625 -0.3539 -0.3805 -0.8544
-24.5742 6.6239 -172.961 0.4375 0.5625 -0.3754 -0.1939 -0.9063
3.7695 -7.5425 -174.301 0.5 0.625 0 -0.3805 -0.9248
-9.8416 -7.5425 -172.961 0.4688 0.625 -0.1804 -0.3805 -0.907
-10.68 6.6239 -177.175 0.4688 0.5625 -0.1914 -0.1939 -0.9622
17.3807 -7.5425 -172.96 0.5313 0.625 0.1804 -0.3805 -0.907
3.7695 -7.5425 -174.301 0.5 0.625 0 -0.3805 -0.9248
3.7695 6.6239 -178.598 0.5 0.5625 0 -0.1939 -0.981
30.4687 -7.5425 -168.99 0.5625 0.625 0.3539 -0.3805 -0.8544
17.3807 -7.5425 -172.96 0.5313 0.625 0.1804 -0.3805 -0.907
18.219 6.6239 -177.175 0.5313 0.5625 0.1914 -0.1939 -0.9622
42.5308 -7.5425 -162.543 0.5938 0.625 0.5138 -0.3805 -0.7689
30.4687 -7.5425 -168.99 0.5625 0.625 0.3539 -0.3805 -0.8544
32.1133 6.6239 -172.96 0.5625 0.5625 0.3754 -0.1939 -0.9063
53.1032 -7.5425 -153.866 0.625 0.625 0.6539 -0.3805 -0.6539
42.5308 -7.5425 -162.543 0.5938 0.625 0.5138 -0.3805 -0.7689
44.9182 6.6239 -166.116 0.5938 0.5625 0.545 -0.1939 -0.8157
61.7798 -7.5425 -143.294 0.6563 0.625 0.7689 -0.3805 -0.5138
53.1032 -7.5425 -153.866 0.625 0.625 0.6539 -0.3805 -0.6539
56.1419 6.6239 -156.905 0.625 0.5625 0.6937 -0.1939 -0.6937
68.2271 -7.5425 -131.232 0.6875 0.625 0.8544 -0.3805 -0.3539
61.7798 -7.5425 -143.294 0.6563 0.625 0.7689 -0.3805 -0.5138
65.3529 6.6239 -145.681 0.6563 0.5625 0.8157 -0.1939 -0.545
72.1973 -7.5425 -118.144 0.7188 0.625 0.907 -0.3805 -0.1804
68.2271 -7.5425 -131.232 0.6875 0.625 0.8544 -0.3805 -0.3539
72.1973 6.6239 -132.876 0.6875 0.5625 0.9063 -0.1939 -0.3754
73.5378 -7.5425 -104.533 0.75 0.625 0.9248 -0.3805 0
72.1973 -7.5425 -118.144 0.7188 0.625 0.907 -0.3805 -0.1804
76.412 6.6239 -118.982 0.7188 0.5625 0.9622 -0.1939 -0.1914
72.1972 -7.5425 -90.9215 0.7813 0.625 0.907 -0.3805 0.1804
73.5378 -7.5425 -104.533 0.75 0.625 0.9248 -0.3805 0
77.8352 6.6239 -104.533 0.75 0.5625 0.981 -0.1939 0
68.227 -7.5425 -77.8334 0.8125 0.625 0.8544 -0.3805 0.3539
72.1972 -7.5425 -90.9215 0.7813 0.625 0.907 -0.3805 0.1804
76.412 6.6239 -90.0831 0.7813 0.5625 0.9622 -0.1939 0.1914
61.7797 -7.5425 -65.7714 0.8438 0.625 0.7689 -0.3805 0.5138
68.227 -7.5425 -77.8334 0.8125 0.625 0.8544 -0.3805 0.3539
72.1972 6.6239 -76.1889 0.8125 0.5625 0.9063 -0.1939 0.3754
53.1031 -7.5425 -55.1989 0.875 0.625 0.6539 -0.3805 0.6539
61.7797 -7.5425 -65.7714 0.8438 0.625 0.7689 -0.3805 0.5138
65.3528 6.6239 -63.3839 0.8438 0.5625 0.8157 -0.1939 0.545
42.5306 -7.5425 -46.5224 0.9063 0.625 0.5138 -0.3805 0.7689
53.1031 -7.5425 -55.1989 0.875 0.625 0.6539 -0.3805 0.6539
56.1417 6.6239 -52.1603 0.875 0.5625 0.6937 -0.1939 0.6937
30.4685 -7.5425 -40.0751 0.9375 0.625 0.3539 -0.3805 0.8544
42.5306 -7.5425 -46.5224 0.9063 0.625 0.5138 -0.3805 0.7689
44.918 6.6239 -42.9492 0.9063 0.5625 0.545 -0.1939 0.8157
17.3804 -7.5425 -36.1049 0.9688 0.625 0.1804 -0.3805 0.907
30.4685 -7.5425 -40.0751 0.9375 0.625 0.3539 -0.3805 0.8544
32.113 6.6239 -36.1049 0.9375 0.5625 0.3754 -0.1939 0.9063
3.7694 -7.5425 -34.7643 1 0.625 -0 -0.3805 0.9248
17.3804 -7.5425 -36.1049 0.9688 0.625 0.1804 -0.3805 0.907
18.2188 6.6239 -31.8901 0.9688 0.5625 0.1914 -0.1939 0.9622
-8.4803 -20.5984 -42.9493 0.0313 0.6875 -0.1626 -0.5528 0.8173
3.7694 -20.5984 -41.7428 0 0.6875 -0 -0.5528 0.8333
3.7694 -7.5425 -34.7643 0 0.625 -0 -0.3805 0.9248
-20.2592 -20.5984 -46.5224 0.0625 0.6875 -0.3189 -0.5528 0.7699
-8.4803 -20.5984 -42.9493 0.0313 0.6875 -0.1626 -0.5528 0.8173
-9.8417 -7.5425 -36.1049 0.0313 0.625 -0.1804 -0.3805 0.907
-31.1147 -20.5984 -52.3248 0.0938 0.6875 -0.463 -0.5528 0.6929
-20.2592 -20.5984 -46.5224 0.0625 0.6875 -0.3189 -0.5528 0.7699
-22.9298 -7.5425 -40.0751 0.0625 0.625 -0.3539 -0.3805 0.8544
-40.6297 -20.5984 -60.1336 0.125 0.6875 -0.5893 -0.5528 0.5893
-31.1147 -20.5984 -52.3248 0.0938 0.6875 -0.463 -0.5528 0.6929
-34.9918 -7.5425 -46.5224 0.0938 0.625 -0.5138 -0.3805 0.7689
-48.4384 -20.5984 -69.6485 0.1563 0.6875 -0.6929 -0.5528 0.463
-40.6297 -20.5984 -60.1336 0.125 0.6875 -0.5893 -0.5528 0.5893
-45.5643 -7.5425 -55.199 0.125 0.625 -0.6539 -0.3805 0.6539
-54.2409 -20.5984 -80.5041 0.1875 0.6875 -0.7699 -0.5528 0.3189
-48.4384 -20.5984 -69.6485 0.1563 0.6875 -0.6929 -0.5528 0.463
-54.2409 -7.5425 -65.7715 0.1563 0.625 -0.7689 -0.3805 0.5138
-57.814 -20.5984 -92.283 0.2187 0.6875 -0.8173 -0.5528 0.1626
-54.2409 -20.5984 -80.5041 0.1875 0.6875 -0.7699 -0.5528 0.3189
-60.6881 -7.5425 -77.8335 0.1875 0.625 -0.8544 -0.3805 0.3539
-59.0204 -20.5984 -104.533 0.25 0.6875 -0.8333 -0.5528 -0
-57.814 -20.5984 -92.283 0.2187 0.6875 -0.8173 -0.5528 0.1626
-64.6584 -7.5425 -90.9216 0.2187 0.625 -0.907 -0.3805 0.1804
-57.8139 -20.5984 -116.783 0.2812 0.6875 -0.8173 -0.5528 -0.1626
-59.0204 -20.5984 -104.533 0.25 0.6875 -0.8333 -0.5528 -0
-65.9989 -7.5425 -104.533 0.25 0.625 -0.9248 -0.3805 -0
-54.2408 -20.5984 -128.561 0.3125 0.6875 -0.7699 -0.5528 -0.3189
-57.8139 -20.5984 -116.783 0.2812 0.6875 -0.8173 -0.5528 -0.1626
-64.6584 -7.5425 -118.144 0.2812 0.625 -0.907 -0.3805 -0.1804
-48.4384 -20.5984 -139.417 0.3437 0.6875 -0.6929 -0.5528 -0.463
-54.2408 -20.5984 -128.561 0.3125 0.6875 -0.7699 -0.5528 -0.3189
-60.6881 -7.5425 -131.232 0.3125 0.625 -0.8544 -0.3805 -0.3539
-40.6297 -20.5984 -148.932 0.375 0.6875 -0.5893 -0.5528 -0.5893
-48.4384 -20.5984 -139.417 0.3437 0.6875 -0.6929 -0.5528 -0.463
-54.2408 -7.5425 -143.294 0.3437 0.625 -0.7689 -0.3805 -0.5138
-31.1147 -20.5984 -156.741 0.4063 0.6875 -0.463 -0.5528 -0.6929
-40.6297 -20.5984 -148.932 0.375 0.6875 -0.5893 -0.5528 -0.5893
-45.5642 -7.5425 -153.867 0.375 0.625 -0.6539 -0.3805 -0.6539
-20.2592 -20.5984 -162.543 0.4375 0.6875 -0.3189 -0.5528 -0.7699
-31.1147 -20.5984 -156.741 0.4063 0.6875 -0.463 -0.5528 -0.6929
-34.9918 -7.5425 -162.543 0.4063 0.625 -0.5138 -0.3805 -0.7689
-8.4802 -20.5984 -166.116 0.4688 0.6875 -0.1626 -0.5528 -0.8173
-20.2592 -20.5984 -162.543 0.4375 0.6875 -0.3189 -0.5528 -0.7699
-22.9297 -7.5425 -168.99 0.4375 0.625 -0.3539 -0.3805 -0.8544
3.7695 -20.5984 -167.323 0.5 0.6875 0 -0.5528 -0.8333
-8.4802 -20.5984 -166.116 0.4688 0.6875 -0.1626 -0.5528 -0.8173
-9.8416 -7.5425 -172.961 0.4688 0.625 -0.1804 -0.3805 -0.907
16.0192 -20.5984 -166.116 0.5313 0.6875 0.1626 -0.5528 -0.8173
3.7695 -20.5984 -167.323 0.5 0.6875 0 -0.5528 -0.8333
3.7695 -7.5425 -174.301 0.5 0.625 0 -0.3805 -0.9248
27.7982 -20.5984 -162.543 0.5625 0.6875 0.3189 -0.5528 -0.7699
16.0192 -20.5984 -166.116 0.5313 0.6875 0.1626 -0.5528 -0.8173
17.3807 -7.5425 -172.96 0.5313 0.625 0.1804 -0.3805 -0.907
38.6537 -20.5984 -156.741 0.5938 0.6875 0.463 -0.5528 -0.6929
27.7982 -20.5984 -162.543 0.5625 0.6875 0.3189 -0.5528 -0.7699
30.4687 -7.5425 -168.99 0.5625 0.625 0.3539 -0.3805 -0.8544
48.1687 -20.5984 -148.932 0.625 0.6875 0.5893 -0.5528 -0.5893
38.6537 -20.5984 -156.741 0.5938 0.6875 0.463 -0.5528 -0.6929
42.5308 -7.5425 -162.543 0.5938 0.625 0.5138 -0.3805 -0.7689
55.9774 -20.5984 -139.417 0.6563 0.6875 0.6929 -0.5528 -0.463
48.1687 -20.5984 -148.932 0.625 0.6875 0.5893 -0.5528 -0.5893
53.1032 -7.5425 -153.866 0.625 0.625 0.6539 -0.3805 -0.6539
61.7798 -20.5984 -128.561 0.6875 0.6875 0.7699 -0.5528 -0.3189
55.9774 -20.5984 -139.417 0.6563 0.6875 0.6929 -0.5528 -0.463
61.7798 -7.5425 -143.294 0.6563 0.625 0.7689 -0.3805 -0.5138
65.3529 -20.5984 -116.782 0.7188 0.6875 0.8173 -0.5528 -0.1626
61.7798 -20.5984 -128.561 0.6875 0.6875 0.7699 -0.5528 -0.3189
68.2271 -7.5425 -131.232 0.6875 0.625 0.8544 -0.3805 -0.3539
66.5593 -20.5984 -104.533 0.75 0.6875 0.8333 -0.5528 0
65.3529 -20.5984 -116.782 0.7188 0.6875 0.8173 -0.5528 -0.1626
72.1973 -7.5425 -118.144 0.7188 0.625 0.907 -0.3805 -0.1804
65.3528 -20.5984 -92.2829 0.7813 0.6875 0.8173 -0.5528 0.1626
66.5593 -20.5984 -104.533 0.75 0.6875 0.8333 -0.5528 0
73.5378 -7.5425 -104.533 0.75 0.625 0.9248 -0.3805 0
61.7797 -20.5984 -80.504 0.8125 0.6875 0.7699 -0.5528 0.3189
65.3528 -20.5984 -92.2829 0.7813 0.6875 0.8173 -0.5528 0.1626
72.1972 -7.5425 -90.9215 0.7813 0.625 0.907 -0.3805 0.1804
55.9773 -20.5984 -69.6484 0.8438 0.6875 0.6929 -0.5528 0.463
61.7797 -20.5984 -80.504 0.8125 0.6875 0.7699 -0.5528 0.3189
68.227 -7.5425 -77.8334 0.8125 0.625 0.8544 -0.3805 0.3539
48.1685 -20.5984 -60.1335 0.875 0.6875 0.5893 -0.5528 0.5893
55.9773 -20.5984 -69.6484 0.8438 0.6875 0.6929 -0.5528 0.463
61.7797 -7.5425 -65.7714 0.8438 0.625 0.7689 -0.3805 0.5138
38.6535 -20.5984 -52.3248 0.9063 0.6875 0.463 -0.5528 0.6929
48.1685 -20.5984 -60.1335 0.875 0.6875 0.5893 -0.5528 0.5893
53.1031 -7.5425 -55.1989 0.875 0.625 0.6539 -0.3805 0.6539
27.798 -20.5984 -46.5224 0.9375 0.6875 0.3189 -0.5528 0.7699
38.6535 -20.5984 -52.3248 0.9063 0.6875 0.463 -0.5528 0.6929
42.5306 -7.5425 -46.5224 0.9063 0.625 0.5138 -0.3805 0.7689
16.019 -20.5984 -42.9493 0.9688 0.6875 0.1626 -0.5528 0.8173
27.798 -20.5984 -46.5224 0.9375 0.6875 0.3189 -0.5528 0.7699
30.4685 -7.5425 -40.0751 0.9375 0.625 0.3539 -0.3805 0.8544
3.7694 -20.5984 -41.7428 1 0.6875 -0 -0.5528 0.8333
16.019 -20.5984 -42.9493 0.9688 0.6875 0.1626 -0.5528 0.8173
17.3804 -7.5425 -36.1049 0.9688 0.625 0.1804 -0.3805 0.907
-6.6481 -32.042 -52.1604 0.0313 0.75 -0.1385 -0.7041 0.6965
3.7694 -32.042 -51.1343 0 0.75 -0 -0.7041 0.7101
3.7694 -20.5984 -41.7428 0 0.6875 -0 -0.5528 0.8333
-16.6652 -32.042 -55.199 0.0625 0.75 -0.2718 -0.7041 0.6561
-6.6481 -32.042 -52.1604 0.0313 0.75 -0.1385 -0.7041 0.6965
-8.4803 -20.5984 -42.9493 0.0313 0.6875 -0.1626 -0.5528 0.8173
-25.8971 -32.042 -60.1336 0.0938 0.75 -0.3945 -0.7041 0.5905
-16.6652 -32.042 -55.199 0.0625 0.75 -0.2718 -0.7041 0.6561
-20.2592 -20.5984 -46.5224 0.0625 0.6875 -0.3189 -0.5528 0.7699
-33.9889 -32.042 -66.7744 0.125 0.75 -0.5021 -0.7041 0.5021
-25.8971 -32.042 -60.1336 0.0938 0.75 -0.3945 -0.7041 0.5905
-31.1147 -20.5984 -52.3248 0.0938 0.6875 -0.463 -0.5528 0.6929
-40.6297 -32.042 -74.8662 0.1563 0.75 -0.5905 -0.7041 0.3945
-33.9889 -32.042 -66.7744 0.125 0.75 -0.5021 -0.7041 0.5021
-40.6297 -20.5984 -60.1336 0.125 0.6875 -0.5893 -0.5528 0.5893
-45.5643 -32.042 -84.0981 0.1875 0.75 -0.6561 -0.7041 0.2718
-40.6297 -32.042 -74.8662 0.1563 0.75 -0.5905 -0.7041 0.3945
-48.4384 -20.5984 -69.6485 0.1563 0.6875 -0.6929 -0.5528 0.463
-48.6029 -32.042 -94.1152 0.2187 0.75 -0.6965 -0.7041 0.1385
-45.5643 -32.042 -84.0981 0.1875 0.75 -0.6561 -0.7041 0.2718
-54.2409 -20.5984 -80.5041 0.1875 0.6875 -0.7699 -0.5528 0.3189
-49.629 -32.042 -104.533 0.25 0.75 -0.7101 -0.7041 -0
-48.6029 -32.042 -94.1152 0.2187 0.75 -0.6965 -0.7041 0.1385
-57.814 -20.5984 -92.283 0.2187 0.6875 -0.8173 -0.5528 0.1626
-48.6029 -32.042 -114.95 0.2812 0.75 -0.6965 -0.7041 -0.1385
-49.629 -32.042 -104.533 0.25 0.75 -0.7101 -0.7041 -0
-59.0204 -20.5984 -104.533 0.25 0.6875 -0.8333 -0.5528 -0
-45.5642 -32.042 -124.967 0.3125 0.75 -0.6561 -0.7041 -0.2718
-48.6029 -32.042 -114.95 0.2812 0.75 -0.6965 -0.7041 -0.1385
-57.8139 -20.5984 -116.783 0.2812 0.6875 -0.8173 -0.5528 -0.1626
-40.6297 -32.042 -134.199 0.3437 0.75 -0.5905 -0.7041 -0.3945
-45.5642 -32.042 -124.967 0.3125 0.75 -0.6561 -0.7041 -0.2718
-54.2408 -20.5984 -128.561 0.3125 0.6875 -0.7699 -0.5528 -0.3189
-33.9889 -32.042 -142.291 0.375 0.75 -0.5021 -0.7041 -0.5021
-40.6297 -32.042 -134.199 0.3437 0.75 -0.5905 -0.7041 -0.3945
-48.4384 -20.5984 -139.417 0.3437 0.6875 -0.6929 -0.5528 -0.463
-25.8971 -32.042 -148.932 0.4063 0.75 -0.3945 -0.7041 -0.5905
-33.9889 -32.042 -142.291 0.375 0.75 -0.5021 -0.7041 -0.5021
-40.6297 -20.5984 -148.932 0.375 0.6875 -0.5893 -0.5528 -0.5893
-16.6652 -32.042 -153.867 0.4375 0.75 -0.2718 -0.7041 -0.6561
-25.8971 -32.042 -148.932 0.4063 0.75 -0.3945 -0.7041 -0.5905
-31.1147 -20.5984 -156.741 0.4063 0.6875 -0.463 -0.5528 -0.6929
-6.648 -32.042 -156.905 0.4688 0.75 -0.1385 -0.7041 -0.6965
-16.6652 -32.042 -153.867 0.4375 0.75 -0.2718 -0.7041 -0.6561
-20.2592 -20.5984 -162.543 0.4375 0.6875 -0.3189 -0.5528 -0.7699
3.7695 -32.042 -157.931 0.5 0.75 0 -0.7041 -0.7101
-6.648 -32.042 -156.905 0.4688 0.75 -0.1385 -0.7041 -0.6965
-8.4802 -20.5984 -166.116 0.4688 0.6875 -0.1626 -0.5528 -0.8173
14.187 -32.042 -156.905 0.5313 0.75 0.1385 -0.7041 -0.6965
3.7695 -32.042 -157.931 0.5 0.75 0 -0.7041 -0.7101
3.7695 -20.5984 -167.323 0.5 0.6875 0 -0.5528 -0.8333
24.2042 -32.042 -153.866 0.5625 0.75 0.2718 -0.7041 -0.6561
14.187 -32.042 -156.905 0.5313 0.75 0.1385 -0.7041 -0.6965
16.0192 -20.5984 -166.116 0.5313 0.6875 0.1626 -0.5528 -0.8173
33.4361 -32.042 -148.932 0.5938 0.75 0.3945 -0.7041 -0.5905
24.2042 -32.042 -153.866 0.5625 0.75 0.2718 -0.7041 -0.6561
27.7982 -20.5984 -162.543 0.5625 0.6875 0.3189 -0.5528 -0.7699
41.5279 -32.042 -142.291 0.625 0.75 0.5021 -0.7041 -0.5021
33.4361 -32.042 -148.932 0.5938 0.75 0.3945 -0.7041 -0.5905
38.6537 -20.5984 -156.741 0.5938 0.6875 0.463 -0.5528 -0.6929
48.1686 -32.042 -134.199 0.6563 0.75 0.5905 -0.7041 -0.3945
41.5279 -32.042 -142.291 0.625 0.75 0.5021 -0.7041 -0.5021
48.1687 -20.5984 -148.932 0.625 0.6875 0.5893 -0.5528 -0.5893
53.1032 -32.042 -124.967 0.6875 0.75 0.6561 -0.7041 -0.2718
48.1686 -32.042 -134.199 0.6563 0.75 0.5905 -0.7041 -0.3945
55.9774 -20.5984 -139.417 0.6563 0.6875 0.6929 -0.5528 -0.463
56.1418 -32.042 -114.95 0.7188 0.75 0.6965 -0.7041 -0.1385
53.1032 -32.042 -124.967 0.6875 0.75 0.6561 -0.7041 -0.2718
61.7798 -20.5984 -128.561 0.6875 0.6875 0.7699 -0.5528 -0.3189
57.1679 -32.042 -104.533 0.75 0.75 0.7101 -0.7041 0
56.1418 -32.042 -114.95 0.7188 0.75 0.6965 -0.7041 -0.1385
65.3529 -20.5984 -116.782 0.7188 0.6875 0.8173 -0.5528 -0.1626
56.1418 -32.042 -94.1151 0.7813 0.75 0.6965 -0.7041 0.1385
57.1679 -32.042 -104.533 0.75 0.75 0.7101 -0.7041 0
66.5593 -20.5984 -104.533 0.75 0.6875 0.8333 -0.5528 0
53.1031 -32.042 -84.098 0.8125 0.75 0.6561 -0.7041 0.2718
56.1418 -32.042 -94.1151 0.7813 0.75 0.6965 -0.7041 0.1385
65.3528 -20.5984 -92.2829 0.7813 0.6875 0.8173 -0.5528 0.1626
48.1685 -32.042 -74.8661 0.8438 0.75 0.5905 -0.7041 0.3945
53.1031 -32.042 -84.098 0.8125 0.75 0.6561 -0.7041 0.2718
61.7797 -20.5984 -80.504 0.8125 0.6875 0.7699 -0.5528 0.3189
41.5278 -32.042 -66.7743 0.875 0.75 0.5021 -0.7041 0.5021
48.1685 -32.042 -74.8661 0.8438 0.75 0.5905 -0.7041 0.3945
55.9773 -20.5984 -69.6484 0.8438 0.6875 0.6929 -0.5528 0.463
33.4359 -32.042 -60.1335 0.9063 0.75 0.3945 -0.7041 0.5905
41.5278 -32.042 -66.7743 0.875 0.75 0.5021 -0.7041 0.5021
48.1685 -20.5984 -60.1335 0.875 0.6875 0.5893 -0.5528 0.5893
24.204 -32.042 -55.199 0.9375 0.75 0.2718 -0.7041 0.6561
33.4359 -32.042 -60.1335 0.9063 0.75 0.3945 -0.7041 0.5905
38.6535 -20.5984 -52.3248 0.9063 0.6875 0.463 -0.5528 0.6929
14.1868 -32.042 -52.1603 0.9688 0.75 0.1385 -0.7041 0.6965
24.204 -32.042 -55.199 0.9375 0.75 0.2718 -0.7041 0.6561
27.798 -20.5984 -46.5224 0.9375 0.6875 0.3189 -0.5528 0.7699
3.7694 -32.042 -51.1343 1 0.75 -0 -0.7041 0.7101
14.1868 -32.042 -52.1603 0.9688 0.75 0.1385 -0.7041 0.6965
16.019 -20.5984 -42.9493 0.9688 0.6875 0.1626 -0.5528 0.8173
-4.4155 -41.4334 -63.384 0.0313 0.8125 -0.1092 -0.8286 0.549
3.7694 -41.4334 -62.5779 0 0.8125 -0 -0.8286 0.5598
3.7694 -32.042 -51.1343 0 0.75 -0 -0.7041 0.7101
-12.286 -41.4334 -65.7715 0.0625 0.8125 -0.2142 -0.8286 0.5172
-4.4155 -41.4334 -63.384 0.0313 0.8125 -0.1092 -0.8286 0.549
-6.6481 -32.042 -52.1604 0.0313 0.75 -0.1385 -0.7041 0.6965
-19.5394 -41.4334 -69.6485 0.0938 0.8125 -0.311 -0.8286 0.4654
-12.286 -41.4334 -65.7715 0.0625 0.8125 -0.2142 -0.8286 0.5172
-16.6652 -32.042 -55.199 0.0625 0.75 -0.2718 -0.7041 0.6561
-25.8971 -41.4334 -74.8662 0.125 0.8125 -0.3958 -0.8286 0.3958
-19.5394 -41.4334 -69.6485 0.0938 0.8125 -0.311 -0.8286 0.4654
-25.8971 -32.042 -60.1336 0.0938 0.75 -0.3945 -0.7041 0.5905
-31.1147 -41.4334 -81.2239 0.1563 0.8125 -0.4654 -0.8286 0.311
-25.8971 -41.4334 -74.8662 0.125 0.8125 -0.3958 -0.8286 0.3958
-33.9889 -32.042 -66.7744 0.125 0.75 -0.5021 -0.7041 0.5021
-34.9918 -41.4334 -88.4773 0.1875 0.8125 -0.5172 -0.8286 0.2142
-31.1147 -41.4334 -81.2239 0.1563 0.8125 -0.4654 -0.8286 0.311
-40.6297 -32.042 -74.8662 0.1563 0.75 -0.5905 -0.7041 0.3945
-37.3793 -41.4334 -96.3478 0.2187 0.8125 -0.549 -0.8286 0.1092
-34.9918 -41.4334 -88.4773 0.1875 0.8125 -0.5172 -0.8286 0.2142
-45.5643 -32.042 -84.0981 0.1875 0.75 -0.6561 -0.7041 0.2718
-38.1854 -41.4334 -104.533 0.25 0.8125 -0.5598 -0.8286 -0
-37.3793 -41.4334 -96.3478 0.2187 0.8125 -0.549 -0.8286 0.1092
-48.6029 -32.042 -94.1152 0.2187 0.75 -0.6965 -0.7041 0.1385
-37.3793 -41.4334 -112.718 0.2812 0.8125 -0.549 -0.8286 -0.1092
-38.1854 -41.4334 -104.533 0.25 0.8125 -0.5598 -0.8286 -0
-49.629 -32.042 -104.533 0.25 0.75 -0.7101 -0.7041 -0
-34.9918 -41.4334 -120.588 0.3125 0.8125 -0.5172 -0.8286 -0.2142
-37.3793 -41.4334 -112.718 0.2812 0.8125 -0.549 -0.8286 -0.1092
-48.6029 -32.042 -114.95 0.2812 0.75 -0.6965 -0.7041 -0.1385
-31.1147 -41.4334 -127.842 0.3437 0.8125 -0.4654 -0.8286 -0.311
-34.9918 -41.4334 -120.588 0.3125 0.8125 -0.5172 -0.8286 -0.2142
-45.5642 -32.042 -124.967 0.3125 0.75 -0.6561 -0.7041 -0.2718
-25.8971 -41.4334 -134.199 0.375 0.8125 -0.3958 -0.8286 -0.3958
-31.1147 -41.4334 -127.842 0.3437 0.8125 -0.4654 -0.8286 -0.311
-40.6297 -32.042 -134.199 0.3437 0.75 -0.5905 -0.7041 -0.3945
-19.5394 -41.4334 -139.417 0.4063 0.8125 -0.311 -0.8286 -0.4654
-25.8971 -41.4334 -134.199 0.375 0.8125 -0.3958 -0.8286 -0.3958
-33.9889 -32.042 -142.291 0.375 0.75 -0.5021 -0.7041 -0.5021
-12.286 -41.4334 -143.294 0.4375 0.8125 -0.2142 -0.8286 -0.5172
-19.5394 -41.4334 -139.417 0.4063 0.8125 -0.311 -0.8286 -0.4654
-25.8971 -32.042 -148.932 0.4063 0.75 -0.3945 -0.7041 -0.5905
-4.4155 -41.4334 -145.681 0.4688 0.8125 -0.1092 -0.8286 -0.549
-12.286 -41.4334 -143.294 0.4375 0.8125 -0.2142 -0.8286 -0.5172
-16.6652 -32.042 -153.867 0.4375 0.75 -0.2718 -0.7041 -0.6561
3.7695 -41.4334 -146.488 0.5 0.8125 0 -0.8286 -0.5598
-4.4155 -41.4334 -145.681 0.4688 0.8125 -0.1092 -0.8286 -0.549
-6.648 -32.042 -156.905 0.4688 0.75 -0.1385 -0.7041 -0.6965
11.9545 -41.4334 -145.681 0.5313 0.8125 0.1092 -0.8286 -0.549
3.7695 -41.4334 -146.488 0.5 0.8125 0 -0.8286 -0.5598
3.7695 -32.042 -157.931 0.5 0.75 0 -0.7041 -0.7101
19.8249 -41.4334 -143.294 0.5625 0.8125 0.2142 -0.8286 -0.5172
11.9545 -41.4334 -145.681 0.5313 0.8125 0.1092 -0.8286 -0.549
14.187 -32.042 -156.905 0.5313 0.75 0.1385 -0.7041 -0.6965
27.0784 -41.4334 -139.417 0.5938 0.8125 0.311 -0.8286 -0.4654
19.8249 -41.4334 -143.294 0.5625 0.8125 0.2142 -0.8286 -0.5172
24.2042 -32.042 -153.866 0.5625 0.75 0.2718 -0.7041 -0.6561
33.4361 -41.4334 -134.199 0.625 0.8125 0.3958 -0.8286 -0.3958
27.0784 -41.4334 -139.417 0.5938 0.8125 0.311 -0.8286 -0.4654
33.4361 -32.042 -148.932 0.5938 0.75 0.3945 -0.7041 -0.5905
38.6537 -41.4334 -127.842 0.6563 0.8125 0.4654 -0.8286 -0.311
33.4361 -41.4334 -134.199 0.625 0.8125 0.3958 -0.8286 -0.3958
41.5279 -32.042 -142.291 0.625 0.75 0.5021 -0.7041 -0.5021
42.5307 -41.4334 -120.588 0.6875 0.8125 0.5172 -0.8286 -0.2142
38.6537 -41.4334 -127.842 0.6563 0.8125 0.4654 -0.8286 -0.311
48.1686 -32.042 -134.199 0.6563 0.75 0.5905 -0.7041 -0.3945
44.9182 -41.4334 -112.718 0.7188 0.8125 0.549 -0.8286 -0.1092
42.5307 -41.4334 -120.588 0.6875 0.8125 0.5172 -0.8286 -0.2142
53.1032 -32.042 -124.967 0.6875 0.75 0.6561 -0.7041 -0.2718
45.7243 -41.4334 -104.533 0.75 0.8125 0.5598 -0.8286 0
44.9182 -41.4334 -112.718 0.7188 0.8125 0.549 -0.8286 -0.1092
56.1418 -32.042 -114.95 0.7188 0.75 0.6965 -0.7041 -0.1385
44.9181 -41.4334 -96.3477 0.7813 0.8125 0.549 -0.8286 0.1092
45.7243 -41.4334 -104.533 0.75 0.8125 0.5598 -0.8286 0
57.1679 -32.042 -104.533 0.75 0.75 0.7101 -0.7041 0
42.5307 -41.4334 -88.4772 0.8125 0.8125 0.5172 -0.8286 0.2142
44.9181 -41.4334 -96.3477 0.7813 0.8125 0.549 -0.8286 0.1092
56.1418 -32.042 -94.1151 0.7813 0.75 0.6965 -0.7041 0.1385
38.6536 -41.4334 -81.2238 0.8438 0.8125 0.4654 -0.8286 0.311
42.5307 -41.4334 -88.4772 0.8125 0.8125 0.5172 -0.8286 0.2142
53.1031 -32.042 -84.098 0.8125 0.75 0.6561 -0.7041 0.2718
33.436 -41.4334 -74.8661 0.875 0.8125 0.3958 -0.8286 0.3958
38.6536 -41.4334 -81.2238 0.8438 0.8125 0.4654 -0.8286 0.311
48.1685 -32.042 -74.8661 0.8438 0.75 0.5905 -0.7041 0.3945
27.0782 -41.4334 -69.6485 0.9063 0.8125 0.311 -0.8286 0.4654
33.436 -41.4334 -74.8661 0.875 0.8125 0.3958 -0.8286 0.3958
41.5278 -32.042 -66.7743 0.875 0.75 0.5021 -0.7041 0.5021
19.8248 -41.4334 -65.7715 0.9375 0.8125 0.2142 -0.8286 0.5172
27.0782 -41.4334 -69.6485 0.9063 0.8125 0.311 -0.8286 0.4654
33.4359 -32.042 -60.1335 0.9063 0.75 0.3945 -0.7041 0.5905
11.9543 -41.4334 -63.384 0.9688 0.8125 0.1092 -0.8286 0.549
19.8248 -41.4334 -65.7715 0.9375 0.8125 0.2142 -0.8286 0.5172
24.204 -32.042 -55.199 0.9375 0.75 0.2718 -0.7041 0.6561
3.7694 -41.4334 -62.5779 1 0.8125 -0 -0.8286 0.5598
11.9543 -41.4334 -63.384 0.9688 0.8125 0.1092 -0.8286 0.549
14.1868 -32.042 -52.1603 0.9688 0.75 0.1385 -0.7041 0.6965
-1.8685 -48.4119 -76.189 0.0313 0.875 -0.0757 -0.9217 0.3804
3.7694 -48.4119 -75.6337 0 0.875 -0 -0.9217 0.3879
3.7694 -41.4334 -62.5779 0 0.8125 -0 -0.8286 0.5598
-7.2897 -48.4119 -77.8335 0.0625 0.875 -0.1484 -0.9217 0.3584
-1.8685 -48.4119 -76.189 0.0313 0.875 -0.0757 -0.9217 0.3804
-4.4155 -41.4334 -63.384 0.0313 0.8125 -0.1092 -0.8286 0.549
-12.286 -48.4119 -80.5041 0.0938 0.875 -0.2155 -0.9217 0.3225
-7.2897 -48.4119 -77.8335 0.0625 0.875 -0.1484 -0.9217 0.3584
-12.286 -41.4334 -65.7715 0.0625 0.8125 -0.2142 -0.8286 0.5172
-16.6652 -48.4119 -84.0981 0.125 0.875 -0.2743 -0.9217 0.2743
-12.286 -48.4119 -80.5041 0.0938 0.875 -0.2155 -0.9217 0.3225
-19.5394 -41.4334 -69.6485 0.0938 0.8125 -0.311 -0.8286 0.4654
-20.2592 -48.4119 -88.4773 0.1563 0.875 -0.3225 -0.9217 0.2155
-16.6652 -48.4119 -84.0981 0.125 0.875 -0.2743 -0.9217 0.2743
-25.8971 -41.4334 -74.8662 0.125 0.8125 -0.3958 -0.8286 0.3958
-22.9298 -48.4119 -93.4736 0.1875 0.875 -0.3584 -0.9217 0.1484
-20.2592 -48.4119 -88.4773 0.1563 0.875 -0.3225 -0.9217 0.2155
-31.1147 -41.4334 -81.2239 0.1563 0.8125 -0.4654 -0.8286 0.311
-24.5743 -48.4119 -98.8948 0.2187 0.875 -0.3804 -0.9217 0.0757
-22.9298 -48.4119 -93.4736 0.1875 0.875 -0.3584 -0.9217 0.1484
-34.9918 -41.4334 -88.4773 0.1875 0.8125 -0.5172 -0.8286 0.2142
-25.1296 -48.4119 -104.533 0.25 0.875 -0.3879 -0.9217 -0
-24.5743 -48.4119 -98.8948 0.2187 0.875 -0.3804 -0.9217 0.0757
-37.3793 -41.4334 -96.3478 0.2187 0.8125 -0.549 -0.8286 0.1092
-24.5743 -48.4119 -110.171 0.2812 0.875 -0.3804 -0.9217 -0.0757
-25.1296 -48.4119 -104.533 0.25 0.875 -0.3879 -0.9217 -0
-38.1854 -41.4334 -104.533 0.25 0.8125 -0.5598 -0.8286 -0
-22.9297 -48.4119 -115.592 0.3125 0.875 -0.3584 -0.9217 -0.1484
-24.5743 -48.4119 -110.171 0.2812 0.875 -0.3804 -0.9217 -0.0757
-37.3793 -41.4334 -112.718 0.2812 0.8125 -0.549 -0.8286 -0.1092
-20.2592 -48.4119 -120.588 0.3437 0.875 -0.3225 -0.9217 -0.2155
-22.9297 -48.4119 -115.592 0.3125 0.875 -0.3584 -0.9217 -0.1484
-34.9918 -41.4334 -120.588 0.3125 0.8125 -0.5172 -0.8286 -0.2142
-16.6652 -48.4119 -124.967 0.375 0.875 -0.2743 -0.9217 -0.2743
-20.2592 -48.4119 -120.588 0.3437 0.875 -0.3225 -0.9217 -0.2155
-31.1147 -41.4334 -127.842 0.3437 0.8125 -0.4654 -0.8286 -0.311
-12.286 -48.4119 -128.561 0.4063 0.875 -0.2155 -0.9217 -0.3225
-16.6652 -48.4119 -124.967 0.375 0.875 -0.2743 -0.9217 -0.2743
-25.8971 -41.4334 -134.199 0.375 0.8125 -0.3958 -0.8286 -0.3958
-7.2897 -48.4119 -131.232 0.4375 0.875 -0.1484 -0.9217 -0.3584
-12.286 -48.4119 -128.561 0.4063 0.875 -0.2155 -0.9217 -0.3225
-19.5394 -41.4334 -139.417 0.4063 0.8125 -0.311 -0.8286 -0.4654
-1.8684 -48.4119 -132.876 0.4688 0.875 -0.0757 -0.9217 -0.3804
-7.2897 -48.4119 -131.232 0.4375 0.875 -0.1484 -0.9217 -0.3584
-12.286 -41.4334 -143.294 0.4375 0.8125 -0.2142 -0.8286 -0.5172
3.7695 -48.4119 -133.432 0.5 0.875 0 -0.9217 -0.3879
-1.8684 -48.4119 -132.876 0.4688 0.875 -0.0757 -0.9217 -0.3804
-4.4155 -41.4334 -145.681 0.4688 0.8125 -0.1092 -0.8286 -0.549
9.4074 -48.4119 -132.876 0.5313 0.875 0.0757 -0.9217 -0.3804
3.7695 -48.4119 -133.432 0.5 0.875 0 -0.9217 -0.3879
3.7695 -41.4334 -146.488 0.5 0.8125 0 -0.8286 -0.5598
14.8286 -48.4119 -131.232 0.5625 0.875 0.1484 -0.9217 -0.3584
9.4074 -48.4119 -132.876 0.5313 0.875 0.0757 -0.9217 -0.3804
11.9545 -41.4334 -145.681 0.5313 0.8125 0.1092 -0.8286 -0.549
19.8249 -48.4119 -128.561 0.5938 0.875 0.2155 -0.9217 -0.3225
14.8286 -48.4119 -131.232 0.5625 0.875 0.1484 -0.9217 -0.3584
19.8249 -41.4334 -143.294 0.5625 0.8125 0.2142 -0.8286 -0.5172
24.2042 -48.4119 -124.967 0.625 0.875 0.2743 -0.9217 -0.2743
19.8249 -48.4119 -128.561 0.5938 0.875 0.2155 -0.9217 -0.3225
27.0784 -41.4334 -139.417 0.5938 0.8125 0.311 -0.8286 -0.4654
27.7981 -48.4119 -120.588 0.6563 0.875 0.3225 -0.9217 -0.2155
24.2042 -48.4119 -124.967 0.625 0.875 0.2743 -0.9217 -0.2743
33.4361 -41.4334 -134.199 0.625 0.8125 0.3958 -0.8286 -0.3958
30.4687 -48.4119 -115.592 0.6875 0.875 0.3584 -0.9217 -0.1484
27.7981 -48.4119 -120.588 0.6563 0.875 0.3225 -0.9217 -0.2155
38.6537 -41.4334 -127.842 0.6563 0.8125 0.4654 -0.8286 -0.311
32.1132 -48.4119 -110.171 0.7188 0.875 0.3804 -0.9217 -0.0757
30.4687 -48.4119 -115.592 0.6875 0.875 0.3584 -0.9217 -0.1484
42.5307 -41.4334 -120.588 0.6875 0.8125 0.5172 -0.8286 -0.2142
32.6684 -48.4119 -104.533 0.75 0.875 0.3879 -0.9217 0
32.1132 -48.4119 -110.171 0.7188 0.875 0.3804 -0.9217 -0.0757
44.9182 -41.4334 -112.718 0.7188 0.8125 0.549 -0.8286 -0.1092
32.1132 -48.4119 -98.8948 0.7813 0.875 0.3804 -0.9217 0.0757
32.6684 -48.4119 -104.533 0.75 0.875 0.3879 -0.9217 0
45.7243 -41.4334 -104.533 0.75 0.8125 0.5598 -0.8286 0
30.4686 -48.4119 -93.4735 0.8125 0.875 0.3584 -0.9217 0.1484
32.1132 -48.4119 -98.8948 0.7813 0.875 0.3804 -0.9217 0.0757
44.9181 -41.4334 -96.3477 0.7813 0.8125 0.549 -0.8286 0.1092
27.7981 -48.4119 -88.4773 0.8438 0.875 0.3225 -0.9217 0.2155
30.4686 -48.4119 -93.4735 0.8125 0.875 0.3584 -0.9217 0.1484
42.5307 -41.4334 -88.4772 0.8125 0.8125 0.5172 -0.8286 0.2142
24.2041 -48.4119 -84.098 0.875 0.875 0.2743 -0.9217 0.2743
27.7981 -48.4119 -88.4773 0.8438 0.875 0.3225 -0.9217 0.2155
38.6536 -41.4334 -81.2238 0.8438 0.8125 0.4654 -0.8286 0.311
19.8248 -48.4119 -80.5041 0.9063 0.875 0.2155 -0.9217 0.3225
24.2041 -48.4119 -84.098 0.875 0.875 0.2743 -0.9217 0.2743
33.436 -41.4334 -74.8661 0.875 0.8125 0.3958 -0.8286 0.3958
14.8286 -48.4119 -77.8335 0.9375 0.875 0.1484 -0.9217 0.3584
19.8248 -48.4119 -80.5041 0.9063 0.875 0.2155 -0.9217 0.3225
27.0782 -41.4334 -69.6485 0.9063 0.8125 0.311 -0.8286 0.4654
9.4073 -48.4119 -76.189 0.9688 0.875 0.0757 -0.9217 0.3804
14.8286 -48.4119 -77.8335 0.9375 0.875 0.1484 -0.9217 0.3584
19.8248 -41.4334 -65.7715 0.9375 0.8125 0.2142 -0.8286 0.5172
3.7694 -48.4119 -75.6337 1 0.875 -0 -0.9217 0.3879
9.4073 -48.4119 -76.189 0.9688 0.875 0.0757 -0.9217 0.3804
11.9543 -41.4334 -63.384 0.9688 0.8125 0.1092 -0.8286 0.549
0.8953 -52.7093 -90.0832 0.0313 0.9375 -0.0392 -0.9796 0.1971
3.7694 -52.7093 -89.8002 0 0.9375 -0 -0.9796 0.201
3.7694 -48.4119 -75.6337 0 0.875 -0 -0.9217 0.3879
-1.8685 -52.7093 -90.9216 0.0625 0.9375 -0.0769 -0.9796 0.1857
0.8953 -52.7093 -90.0832 0.0313 0.9375 -0.0392 -0.9796 0.1971
-1.8685 -48.4119 -76.189 0.0313 0.875 -0.0757 -0.9217 0.3804
-4.4155 -52.7093 -92.283 0.0938 0.9375 -0.1117 -0.9796 0.1671
-1.8685 -52.7093 -90.9216 0.0625 0.9375 -0.0769 -0.9796 0.1857
-7.2897 -48.4119 -77.8335 0.0625 0.875 -0.1484 -0.9217 0.3584
-6.6481 -52.7093 -94.1152 0.125 0.9375 -0.1421 -0.9796 0.1421
-4.4155 -52.7093 -92.283 0.0938 0.9375 -0.1117 -0.9796 0.1671
-12.286 -48.4119 -80.5041 0.0938 0.875 -0.2155 -0.9217 0.3225
-8.4802 -52.7093 -96.3478 0.1563 0.9375 -0.1671 -0.9796 0.1117
-6.6481 -52.7093 -94.1152 0.125 0.9375 -0.1421 -0.9796 0.1421
-16.6652 -48.4119 -84.0981 0.125 0.875 -0.2743 -0.9217 0.2743
-9.8417 -52.7093 -98.8948 0.1875 0.9375 -0.1857 -0.9796 0.0769
-8.4802 -52.7093 -96.3478 0.1563 0.9375 -0.1671 -0.9796 0.1117
-20.2592 -48.4119 -88.4773 0.1563 0.875 -0.3225 -0.9217 0.2155
-10.68 -52.7093 -101.659 0.2187 0.9375 -0.1971 -0.9796 0.0392
-9.8417 -52.7093 -98.8948 0.1875 0.9375 -0.1857 -0.9796 0.0769
-22.9298 -48.4119 -93.4736 0.1875 0.875 -0.3584 -0.9217 0.1484
-10.9631 -52.7093 -104.533 0.25 0.9375 -0.201 -0.9796 -0
-10.68 -52.7093 -101.659 0.2187 0.9375 -0.1971 -0.9796 0.0392
-24.5743 -48.4119 -98.8948 0.2187 0.875 -0.3804 -0.9217 0.0757
-10.68 -52.7093 -107.407 0.2812 0.9375 -0.1971 -0.9796 -0.0392
-10.9631 -52.7093 -104.533 0.25 0.9375 -0.201 -0.9796 -0
-25.1296 -48.4119 -104.533 0.25 0.875 -0.3879 -0.9217 -0
-9.8417 -52.7093 -110.171 0.3125 0.9375 -0.1857 -0.9796 -0.0769
-10.68 -52.7093 -107.407 0.2812 0.9375 -0.1971 -0.9796 -0.0392
-24.5743 -48.4119 -110.171 0.2812 0.875 -0.3804 -0.9217 -0.0757
-8.4802 -52.7093 -112.718 0.3437 0.9375 -0.1671 -0.9796 -0.1117
-9.8417 -52.7093 -110.171 0.3125 0.9375 -0.1857 -0.9796 -0.0769
-22.9297 -48.4119 -115.592 0.3125 0.875 -0.3584 -0.9217 -0.1484
-6.648 -52.7093 -114.95 0.375 0.9375 -0.1421 -0.9796 -0.1421
-8.4802 -52.7093 -112.718 0.3437 0.9375 -0.1671 -0.9796 -0.1117
-20.2592 -48.4119 -120.588 0.3437 0.875 -0.3225 -0.9217 -0.2155
-4.4155 -52.7093 -116.782 0.4063 0.9375 -0.1117 -0.9796 -0.1671
-6.648 -52.7093 -114.95 0.375 0.9375 -0.1421 -0.9796 -0.1421
-16.6652 -48.4119 -124.967 0.375 0.875 -0.2743 -0.9217 -0.2743
-1.8685 -52.7093 -118.144 0.4375 0.9375 -0.0769 -0.9796 -0.1857
-4.4155 -52.7093 -116.782 0.4063 0.9375 -0.1117 -0.9796 -0.1671
-12.286 -48.4119 -128.561 0.4063 0.875 -0.2155 -0.9217 -0.3225
0.8953 -52.7093 -118.982 0.4688 0.9375 -0.0392 -0.9796 -0.1971
-1.8685 -52.7093 -118.144 0.4375 0.9375 -0.0769 -0.9796 -0.1857
-7.2897 -48.4119 -131.232 0.4375 0.875 -0.1484 -0.9217 -0.3584
3.7695 -52.7093 -119.265 0.5 0.9375 0 -0.9796 -0.201
0.8953 -52.7093 -118.982 0.4688 0.9375 -0.0392 -0.9796 -0.1971
-1.8684 -48.4119 -132.876 0.4688 0.875 -0.0757 -0.9217 -0.3804
6.6436 -52.7093 -118.982 0.5313 0.9375 0.0392 -0.9796 -0.1971
3.7695 -52.7093 -119.265 0.5 0.9375 0 -0.9796 -0.201
3.7695 -48.4119 -133.432 0.5 0.875 0 -0.9217 -0.3879
9.4074 -52.7093 -118.144 0.5625 0.9375 0.0769 -0.9796 -0.1857
6.6436 -52.7093 -118.982 0.5313 0.9375 0.0392 -0.9796 -0.1971
9.4074 -48.4119 -132.876 0.5313 0.875 0.0757 -0.9217 -0.3804
11.9544 -52.7093 -116.782 0.5938 0.9375 0.1117 -0.9796 -0.1671
9.4074 -52.7093 -118.144 0.5625 0.9375 0.0769 -0.9796 -0.1857
14.8286 -48.4119 -131.232 0.5625 0.875 0.1484 -0.9217 -0.3584
14.187 -52.7093 -114.95 0.625 0.9375 0.1421 -0.9796 -0.1421
11.9544 -52.7093 -116.782 0.5938 0.9375 0.1117 -0.9796 -0.1671
19.8249 -48.4119 -128.561 0.5938 0.875 0.2155 -0.9217 -0.3225
16.0191 -52.7093 -112.718 0.6563 0.9375 0.1671 -0.9796 -0.1117
14.187 -52.7093 -114.95 0.625 0.9375 0.1421 -0.9796 -0.1421
24.2042 -48.4119 -124.967 0.625 0.875 0.2743 -0.9217 -0.2743
17.3806 -52.7093 -110.171 0.6875 0.9375 0.1857 -0.9796 -0.0769
16.0191 -52.7093 -112.718 0.6563 0.9375 0.1671 -0.9796 -0.1117
27.7981 -48.4119 -120.588 0.6563 0.875 0.3225 -0.9217 -0.2155
18.2189 -52.7093 -107.407 0.7188 0.9375 0.1971 -0.9796 -0.0392
17.3806 -52.7093 -110.171 0.6875 0.9375 0.1857 -0.9796 -0.0769
30.4687 -48.4119 -115.592 0.6875 0.875 0.3584 -0.9217 -0.1484
18.502 -52.7093 -104.533 0.75 0.9375 0.201 -0.9796 0
18.2189 -52.7093 -107.407 0.7188 0.9375 0.1971 -0.9796 -0.0392
32.1132 -48.4119 -110.171 0.7188 0.875 0.3804 -0.9217 -0.0757
18.2189 -52.7093 -101.659 0.7813 0.9375 0.1971 -0.9796 0.0392
18.502 -52.7093 -104.533 0.75 0.9375 0.201 -0.9796 0
32.6684 -48.4119 -104.533 0.75 0.875 0.3879 -0.9217 0
17.3806 -52.7093 -98.8948 0.8125 0.9375 0.1857 -0.9796 0.0769
18.2189 -52.7093 -101.659 0.7813 0.9375 0.1971 -0.9796 0.0392
32.1132 -48.4119 -98.8948 0.7813 0.875 0.3804 -0.9217 0.0757
16.0191 -52.7093 -96.3477 0.8438 0.9375 0.1671 -0.9796 0.1117
17.3806 -52.7093 -98.8948 0.8125 0.9375 0.1857 -0.9796 0.0769
30.4686 -48.4119 -93.4735 0.8125 0.875 0.3584 -0.9217 0.1484
14.1869 -52.7093 -94.1152 0.875 0.9375 0.1421 -0.9796 0.1421
16.0191 -52.7093 -96.3477 0.8438 0.9375 0.1671 -0.9796 0.1117
27.7981 -48.4119 -88.4773 0.8438 0.875 0.3225 -0.9217 0.2155
11.9544 -52.7093 -92.283 0.9063 0.9375 0.1117 -0.9796 0.1671
14.1869 -52.7093 -94.1152 0.875 0.9375 0.1421 -0.9796 0.1421
24.2041 -48.4119 -84.098 0.875 0.875 0.2743 -0.9217 0.2743
9.4073 -52.7093 -90.9216 0.9375 0.9375 0.0769 -0.9796 0.1857
11.9544 -52.7093 -92.283 0.9063 0.9375 0.1117 -0.9796 0.1671
19.8248 -48.4119 -80.5041 0.9063 0.875 0.2155 -0.9217 0.3225
6.6436 -52.7093 -90.0832 0.9688 0.9375 0.0392 -0.9796 0.1971
9.4073 -52.7093 -90.9216 0.9375 0.9375 0.0769 -0.9796 0.1857
14.8286 -48.4119 -77.8335 0.9375 0.875 0.1484 -0.9217 0.3584
3.7694 -52.7093 -89.8002 1 0.9375 -0 -0.9796 0.201
6.6436 -52.7093 -90.0832 0.9688 0.9375 0.0392 -0.9796 0.1971
9.4073 -48.4119 -76.189 0.9688 0.875 0.0757 -0.9217 0.3804
3.7694 -52.7093 -89.8002 0 0.9375 -0 -0.9796 0.201
0.8953 -52.7093 -90.0832 0.0313 0.9375 -0.0392 -0.9796 0.1971
3.7694 -54.1603 -104.533 0 1 0 -1 -0
0.8953 -52.7093 -90.0832 0.0313 0.9375 -0.0392 -0.9796 0.1971
-1.8685 -52.7093 -90.9216 0.0625 0.9375 -0.0769 -0.9796 0.1857
3.7694 -54.1603 -104.533 0.0313 1 0 -1 -0
-1.8685 -52.7093 -90.9216 0.0625 0.9375 -0.0769 -0.9796 0.1857
-4.4155 -52.7093 -92.283 0.0938 0.9375 -0.1117 -0.9796 0.1671
3.7694 -54.1603 -104.533 0.0625 1 0 -1 -0
-4.4155 -52.7093 -92.283 0.0938 0.9375 -0.1117 -0.9796 0.1671
-6.6481 -52.7093 -94.1152 0.125 0.9375 -0.1421 -0.9796 0.1421
3.7694 -54.1603 -104.533 0.0938 1 0 -1 -0
-6.6481 -52.7093 -94.1152 0.125 0.9375 -0.1421 -0.9796 0.1421
-8.4802 -52.7093 -96.3478 0.1563 0.9375 -0.1671 -0.9796 0.1117
3.7694 -54.1603 -104.533 0.125 1 0 -1 -0
-8.4802 -52.7093 -96.3478 0.1563 0.9375 -0.1671 -0.9796 0.1117
-9.8417 -52.7093 -98.8948 0.1875 0.9375 -0.1857 -0.9796 0.0769
3.7694 -54.1603 -104.533 0.1563 1 0 -1 -0
-9.8417 -52.7093 -98.8948 0.1875 0.9375 -0.1857 -0.9796 0.0769
-10.68 -52.7093 -101.659 0.2187 0.9375 -0.1971 -0.9796 0.0392
3.7694 -54.1603 -104.533 0.1875 1 0 -1 -0
-10.68 -52.7093 -101.659 0.2187 0.9375 -0.1971 -0.9796 0.0392
-10.9631 -52.7093 -104.533 0.25 0.9375 -0.201 -0.9796 -0
3.7694 -54.1603 -104.533 0.2187 1 0 -1 -0
-10.9631 -52.7093 -104.533 0.25 0.9375 -0.201 -0.9796 -0
-10.68 -52.7093 -107.407 0.2812 0.9375 -0.1971 -0.9796 -0.0392
3.7694 -54.1603 -104.533 0.25 1 0 -1 -0
-10.68 -52.7093 -107.407 0.2812 0.9375 -0.1971 -0.9796 -0.0392
-9.8417 -52.7093 -110.171 0.3125 0.9375 -0.1857 -0.9796 -0.0769
3.7694 -54.1603 -104.533 0.2812 1 0 -1 -0
-9.8417 -52.7093 -110.171 0.3125 0.9375 -0.1857 -0.9796 -0.0769
-8.4802 -52.7093 -112.718 0.3437 0.9375 -0.1671 -0.9796 -0.1117
3.7694 -54.1603 -104.533 0.3125 1 0 -1 -0
-8.4802 -52.7093 -112.718 0.3437 0.9375 -0.1671 -0.9796 -0.1117
-6.648 -52.7093 -114.95 0.375 0.9375 -0.1421 -0.9796 -0.1421
3.7694 -54.1603 -104.533 0.3437 1 0 -1 -0
-6.648 -52.7093 -114.95 0.375 0.9375 -0.1421 -0.9796 -0.1421
-4.4155 -52.7093 -116.782 0.4063 0.9375 -0.1117 -0.9796 -0.1671
3.7694 -54.1603 -104.533 0.375 1 0 -1 -0
-4.4155 -52.7093 -116.782 0.4063 0.9375 -0.1117 -0.9796 -0.1671
-1.8685 -52.7093 -118.144 0.4375 0.9375 -0.0769 -0.9796 -0.1857
3.7694 -54.1603 -104.533 0.4063 1 0 -1 -0
-1.8685 -52.7093 -118.144 0.4375 0.9375 -0.0769 -0.9796 -0.1857
0.8953 -52.7093 -118.982 0.4688 0.9375 -0.0392 -0.9796 -0.1971
3.7694 -54.1603 -104.533 0.4375 1 0 -1 -0
0.8953 -52.7093 -118.982 0.4688 0.9375 -0.0392 -0.9796 -0.1971
3.7695 -52.7093 -119.265 0.5 0.9375 0 -0.9796 -0.201
3.7694 -54.1603 -104.533 0.4688 1 0 -1 -0
3.7695 -52.7093 -119.265 0.5 0.9375 0 -0.9796 -0.201
6.6436 -52.7093 -118.982 0.5313 0.9375 0.0392 -0.9796 -0.1971
3.7694 -54.1603 -104.533 0.5 1 0 -1 -0
6.6436 -52.7093 -118.982 0.5313 0.9375 0.0392 -0.9796 -0.1971
9.4074 -52.7093 -118.144 0.5625 0.9375 0.0769 -0.9796 -0.1857
3.7694 -54.1603 -104.533 0.5313 1 0 -1 -0
9.4074 -52.7093 -118.144 0.5625 0.9375 0.0769 -0.9796 -0.1857
11.9544 -52.7093 -116.782 0.5938 0.9375 0.1117 -0.9796 -0.1671
3.7694 -54.1603 -104.533 0.5625 1 0 -1 -0
11.9544 -52.7093 -116.782 0.5938 0.9375 0.1117 -0.9796 -0.1671
14.187 -52.7093 -114.95 0.625 0.9375 0.1421 -0.9796 -0.1421
3.7694 -54.1603 -104.533 0.5938 1 0 -1 -0
14.187 -52.7093 -114.95 0.625 0.9375 0.1421 -0.9796 -0.1421
16.0191 -52.7093 -112.718 0.6563 0.9375 0.1671 -0.9796 -0.1117
3.7694 -54.1603 -104.533 0.625 1 0 -1 -0
16.0191 -52.7093 -112.718 0.6563 0.9375 0.1671 -0.9796 -0.1117
17.3806 -52.7093 -110.171 0.6875 0.9375 0.1857 -0.9796 -0.0769
3.7694 -54.1603 -104.533 0.6563 1 0 -1 -0
17.3806 -52.7093 -110.171 0.6875 0.9375 0.1857 -0.9796 -0.0769
18.2189 -52.7093 -107.407 0.7188 0.9375 0.1971 -0.9796 -0.0392
3.7694 -54.1603 -104.533 0.6875 1 0 -1 -0
18.2189 -52.7093 -107.407 0.7188 0.9375 0.1971 -0.9796 -0.0392
18.502 -52.7093 -104.533 0.75 0.9375 0.201 -0.9796 0
3.7694 -54.1603 -104.533 0.7188 1 0 -1 -0
18.502 -52.7093 -104.533 0.75 0.9375 0.201 -0.9796 0
18.2189 -52.7093 -101.659 0.7813 0.9375 0.1971 -0.9796 0.0392
3.7694 -54.1603 -104.533 0.75 1 0 -1 -0
18.2189 -52.7093 -101.659 0.7813 0.9375 0.1971 -0.9796 0.0392
17.3806 -52.7093 -98.8948 0.8125 0.9375 0.1857 -0.9796 0.0769
3.7694 -54.1603 -104.533 0.7813 1 0 -1 -0
17.3806 -52.7093 -98.8948 0.8125 0.9375 0.1857 -0.9796 0.0769
16.0191 -52.7093 -96.3477 0.8438 0.9375 0.1671 -0.9796 0.1117
3.7694 -54.1603 -104.533 0.8125 1 0 -1 -0
16.0191 -52.7093 -96.3477 0.8438 0.9375 0.1671 -0.9796 0.1117
14.1869 -52.7093 -94.1152 0.875 0.9375 0.1421 -0.9796 0.1421
3.7694 -54.1603 -104.533 0.8438 1 0 -1 -0
14.1869 -52.7093 -94.1152 0.875 0.9375 0.1421 -0.9796 0.1421
11.9544 -52.7093 -92.283 0.9063 0.9375 0.1117 -0.9796 0.1671
3.7694 -54.1603 -104.533 0.875 1 0 -1 -0
11.9544 -52.7093 -92.283 0.9063 0.9375 0.1117 -0.9796 0.1671
9.4073 -52.7093 -90.9216 0.9375 0.9375 0.0769 -0.9796 0.1857
3.7694 -54.1603 -104.533 0.9063 1 0 -1 -0
9.4073 -52.7093 -90.9216 0.9375 0.9375 0.0769 -0.9796 0.1857
6.6436 -52.7093 -90.0832 0.9688 0.9375 0.0392 -0.9796 0.1971
3.7694 -54.1603 -104.533 0.9375 1 0 -1 -0
6.6436 -52.7093 -90.0832 0.9688 0.9375 0.0392 -0.9796 0.1971
3.7694 -52.7093 -89.8002 1 0.9375 -0 -0.9796 0.201
3.7694 -54.1603 -104.533 0.9688 1 0 -1 -0
